Gene_Numeration,RHC3555__Bcell___7DEA7B,RHC3557__Bcell___7DEA7B,RHC3562__Bcell___7DEA7B,RHC3594__Bcell___7DEA7B,RHC3596__Bcell___7DEA7B,RHC3600__Bcell___7DEA7B,RHC3602__Bcell___7DEA7B,RHC3633__Bcell___7DEA7B,RHC4079__Fibroblast___FB4E09,RHL2786__Bcell___7DEA7B
2519_5,516.721,0,96.0642,170.039,0.133757,1.04913,0,3.14704,10.4074,85.0872
2729_5,0,0,0,0,0,0,0,0,0.0202002,0
1080_5,0,0.793303,0,0,0,0,0,0,0,0
1595_5,0,3.69965,1.42994,10.6324,0,0,0.702294,0,0,0
51056_5,0,0,2.46983,63.989,305.569,4.67286,5.22049,0,0,0
9957_5,0,0,0,0,0,0,0,0,0,0
26_5,0,6.85914,0,0,7.55159,0,0,0,0,0
9108_5,0,0,0,0,0,0,0,0,0,0
6542_5,0,0,0,0,0,0,0,0,0,0
204_5,0,4.41565,28.7791,0,0,0,0,0,4.28335,0
952_5,76.1333,2.5002,0,532.858,0,44.5676,0.0872771,57.1417,0,11.1846
4706_5,0,0,0,42.2635,19.157,0,0,59.6112,169.795,33.4691
10165_5,0,17.0051,0,0,0,0,36.8568,0,0,0
6521_5,0,0,0,0,0,0,0,0,0,0
292_5,102.361,11.305,15.841,499.353,506.124,0,0,0.919837,373.883,1152.54
6296_5,0,0,0,0,0,0,0,0,0,0
4353_5,0,0,0,0,0,0,0,0,0,0
54677_5,0,0,0,3.68524,0,0,0,0,0,0
5244_5,0,0,0,0,0,0,0,0,0,0
55904_5,39.2578,272.369,12.1306,0,0.632096,2.71713,216.713,87.0874,5.05956,8.55086
6833_5,0,0,0,0,0,0,0,0,0,0
55750_5,0,0,0,0,1.50425,0,0,0,4.13551,0
221_5,0,6.96537,0,0,0,0,0.111024,0,0,0
79017_5,0,0,0,14.0133,0,0,0,0,0,393.45
8228_5,0,0,0,0,0,23.1964,0,0,0,0
151531_5,0,0,0,0,0,0,0,0,0,0
5048_5,0,0,0,46.8319,0,0,0,0,11.8022,12.0112
4843_5,0,11.3802,0,0,0,0,0,0,0,0
9058_5,0,0,0,0,0,0,0,0,0,0
8277_5,0,0,0,0,0,0,0,0,0,0
9091_5,0,0,0,0,0,0,0,0,0,0
65220_5,0.259362,49.0771,0,35.2374,0,0,0,0,0,0
10157_5,0.207083,0.686296,0.409607,0.208749,0,0,0,1.66096,0,0
6482_5,0,0,0,0,0,0,68.0039,0,0,0
7384_5,0,16.8703,125.029,0,0,0,0.337118,0,384.281,65.8252
6540_5,0,0,0,0,0,0,0,0,0,0
3423_5,0,0,0,0,0,0.086226,0,0,0,0
6534_5,0,0,0,0,0,0,0,0,0,0
51099_5,0,16.546,0,0,0,0,206.784,0,0,0
5286_5,0,0.366996,0,0.0312298,0.653644,2.35743,0,0,0,0
2137_5,0,0,0,0,0,0,0,0,0,0
60481_5,0,0,0,0,0,0,0,0,0,29.1302
240_5,0,0,0,0,37.6018,0,0,0,0,0
5238_5,0,0,30.7864,42.8669,0,0,2.11052,0,0,638.142
112611_5,0,0,0,0,0,0,0,0,24.3268,182.879
55_5,0,0,0,0,0,0,0,0,0,0
4190_5,2127.56,0,0,4.59324,654.622,0,11.1624,0,0,461.856
1800_5,0,0,0,0,0,0,0,0,0,0
29881_5,0,0,0,0,0,0,0,0,0,0
64132_5,0,0,0,0,0,0,0,0,0,0
55349_5,0,0,0,0,0,0,0,0,0,0
55830_5,21.9336,27.2812,0,0,0,0,5.73371,221.224,60.3177,0
92745_5,2.09753,0,0,0,0,27.2868,0,0,0,0
10928_5,0,0,1.53261,0,10.1834,0,0,0,0,0
6556_5,0,40.7179,0,0,0,0,0,0,0,0
477_5,0,0,0,0,0,109.238,0,0,0,0
1591_5,0,0,0,0,0,66.0468,0,0,0,0
64816_5,0,0,0,0,0,0,0,0,0,0
11136_5,0,0,0,0,0,0,0,0,0,0
1373_5,0,0,0,0,0,0.105772,2.47947,0,0,0
4719_5,0,0,0,0.117216,0,0,1.84113,0,0,0
211_5,0,0,0,0,7.64039,0,0,0,0,0
51022_5,0,23.3945,0,0,0,0,0,0,0,99.7495
51071_5,2.18977,8.31464,0,0,4.43413,0,0,0,0,0
1244_5,0,0,0,0,0,0,0,0,0,0
2730_5,0,0,0,0,0,0,0.0818896,0,0,0
8630_5,0,0,0,0,0,0,0,0,0,0
1890_5,0,2.8527,0,0,0,0,0,1.91217,14.6451,0
56895_5,0,0,0,0,0,0,0,0,0,0
11285_5,0,0,0,0,0,0,0,0,0,0
54480_5,0,0,0,0,0,0,0,0,0,0
535_5,0,0,0,1.83596,0.808493,0,0,221.852,0,0
9497_5,0,0,0,0,17.5951,0,0,147.186,0,0
159_5,0,0,0,0,0.0608011,0,0,0,0,0
5009_5,0,0,0,0,0,0,0,0,0,0
10858_5,0,0,0,0,0,0,0,0,0,0
6570_5,0,0,0,0,0,0,0,0,0,0
175_5,0,0,389.534,0,0,0,0,0,0,2.91498
27430_5,4.09739,3.58936,0,0,141.142,0,0.902354,5.96204,0,0
3631_5,0,18.569,6.47633,0,0,11.914,0,1.36562,0.350381,0.8635
56474_5,0,0,0,0,0,0,0,0,0,0
51606_5,0,0,0,0,0,0,0,0,0,0
1356_5,0,17.9998,0.442159,0,21.2194,974.551,318.025,43.7723,30.2336,7.14466
50484_5,0,0,0,0,0,0,0,0,0,0
9563_5,0,0,0,0,0,0,0,0,0,0
3074_5,0,0,0,5.06889,0,0,0,0,1.26992,0
9498_5,0,0,0,0,0,14.9528,0,0,0,0
5291_5,0,18.0664,0,0,0,81.4964,0,0,0,0
6307_5,0,0,0,0,0.0993424,0,0,0,0,0
8574_5,0,0,28.7997,0,0,0,0,0,0,0
29085_5,504.185,0,0,636.296,245.839,1014.3,1073.17,0,275.528,35.0186
954_5,0,0,0,0,0,0,0,0,0,0
2581_5,0,0,0,0,0,0.943091,0,0,0,1.50952
58508_5,11.1725,150.884,190.887,14.7088,23.0294,0,16.9701,353.895,29.4331,0
8908_5,0,0,0.460229,1.42654,0,0,0,0,0,0
6646_5,0,44.518,0,0,9.63935,0,0,0.408619,0,4.18981
493_5,0,0,0,0,69.6257,0,0,0,14.1687,8.65416
1608_5,0,0,0,0,0,0,0,0,0,0
6916_5,0,0,0,2.70522,0,0,0,0,37.7673,0
5832_5,0,0,0.218692,0,2.04786,214.839,0,236.007,21.148,0
6515_5,0,0.481705,0,0,0,0,0,0,270.938,0
55650_5,0,0,0,0,0,0,0,0,0,0
51660_5,0,9.08466,121.044,202.071,14.3309,6.28772,0,1434.12,0,7.29231
30_5,1.99052,0.806896,0,0,660.321,0,0,0,0,0
586_5,0,0,0,0,0,0,2.30888,0,0,2.62217
2983_5,0,0,0,0,0,0,0,0,0,0
84649_5,0,0,0,0,0,0.640585,0,0,0,0
1431_5,0,15.1057,0,0,0.903015,0,0,0,0,0
56848_5,0,0,16.1852,0,0,0,0,0,0,0
8776_5,0,0,0,0,0,0,0.714723,0,0,0
3029_5,0,0,0,0,0,0,0,0,63.1922,0
10402_5,0,0,0,0,0,0,0,0,0,0
5476_5,0,9.87055,0,0,0,0,0,0,40.7775,0
6558_5,0,6.76912,0,0.93449,1.83707,119.476,3.33707,8.80272,2.28622,15.8677
4942_5,0,0,0,0,22.7887,0,0,0,0,13.8273
1606_5,0,142.592,0,0,7.21594,9.68044,0,0,0,403.108
4710_5,85.3559,3206.17,41.5871,19.8287,132.87,0,37.0254,0,102.748,84.242
4199_5,0,0.942421,0,0,2.05872,0.171591,0,0,0,0
10797_5,13.0728,0,0,77.7819,84.3298,0,0,0.696883,0.0457733,21.4197
84679_5,0,0,0,0,0,0,0,0,0,0
5141_5,0,0,0,0,0,0,0,0,0,0
6550_5,0,0,0,0,0,0,0,0,0,0
64834_5,0,0,0,0,0,0,0,0,0,0
348158_5,0,0,0,0,0,0,0,0,0,0
2235_5,0,0,9.81909,0,0,0,0,292.262,0,0
5214_5,0,0,0,0,0,0,0,0,0,0
3422_5,0,0.650339,28.0335,0,0,0,0,189.005,0,0
8611_5,0,0,0,0,0,0,0,0,7.08577,0
5315_5,2.20918,31.2008,152.234,0,34.5836,0,0,0,0,29.3596
3421_5,0,0,0,0,0,0,0,0,0,0
492_5,0,0,0,0,0,0,0,0,0,0
80347_5,0,0,0,0,0,0,0,0,0,0
2182_5,0.154054,0,0,0,0,0,0.34649,0,2.85619,34.6375
3632_5,0,0,0,0,0,0,0,0,0,0
23250_5,0,0,0,0,0,0,0,0,0,0
51447_5,0,15.5563,0,6.4663,0,0,0,0,17.1989,30.0608
5837_5,0,0,0,0,0,0,0,0,0,0
10060_5,0,0.551979,0.173221,0,0.0820281,0.203691,0.176385,0.530153,0.0457151,1.37401
4129_5,0,0,0,0,0,0,0,0,0,0
8399_5,0,0,0,0,1.04788,0,0,0,0,0
483_5,0,0,2.88395,161.16,0,0,0,0,0,17.4444
9488_5,0,0,0,0,0,0,0,0,0,0
2984_5,0,0,0,0,57.7305,3.90597,0,0,0,0
55808_5,0,0,0,0,0,0,0,0,1.82199,0
57704_5,13.0359,0,0,0,0,0,1.03691,0,0,0
3340_5,0,0,0,0,0,0,0.065323,0,0,0
440_5,0.539575,0,0,0,0,0,0,149.524,0,172.063
10610_5,0,22.6123,0,12.4605,6.76716,0,0.341888,0,13.7582,26.5043
1103_5,0,0,0,0,0,0,0,0,0,0
6559_5,0,0,0,0,0,0,0,0,0,0
490_5,0,227.916,0,0.737828,0,0,0.705087,0,14.2102,0
79901_5,0,0,0,0,0,0,38.7885,0,0.153507,0
51109_5,0,0,14.3124,0,0,0,3.80726,0,0,0
224_5,0,30.6406,0,169.006,6.40386,0,0,0,0,0
3028_5,0,0,0,0,11.4218,0,0,0,29.0591,394.82
8974_5,0,0,0,0,0,0.397436,0,0,0,0
37_5,2.24917,393.992,44.0775,297.232,6.00176,72.2415,0,61.5377,0,0
949_5,0,0,0,1.75473,0,0,0,0,0,0
5151_5,0,0,0,0,0,0,0.413143,0,0,0
6389_5,0,0,8.01106,0,0,0,32.9027,0,73.802,42.7884
8647_5,0,0,0,0,0,0,0,0,0,0
10170_5,0,0,0,0,0,0,0,0,0,0
5743_5,0,0,0,0,0,0,0,0,0,0
4905_5,0,4.95819,0,264.935,6.69685,0,0,0.359715,0.0341494,0
771_5,0.258632,3.00564,0,3.43532,5.37799,0,0,0,0,0
11343_5,0,0,150.636,70.0055,17.603,1.51462,0,0.375722,11.799,0
9187_5,0,0,0,0,0,0,0,0,0,0
51495_5,1.31817,0,0,0,0,12.8662,1.51628,0,0,0
2023_5,0,4.82699,4.47158,0,0,0,0,0,325.43,176.09
6557_5,0,0,0,0,0,0,0,0,0,0
38_5,0,0,21.036,3.67557,0,0,0,0,0,80.6664
5337_5,0,2.562,0,0,0,0,0,0,0,0
113235_5,0,0,0,0,0,0,0,0,0,0
32_5,0,0,0,0,0,0,0,0,0,0
22978_5,0,0,0,8.91088,0,52.4964,0,0,7.8552,0
8527_5,0,2.11212,0,0,4.75449,0,0,0.292731,0,0
7299_5,0,0,0,0,0,0,0,0,0,0
56922_5,0,19.6723,0,0,0,0,0,0,0,0
55331_5,0,3.77107,0,0,0,26.218,0,1.9464,0,0
5289_5,0,7.54526,0.340117,0,0,1.7203,0,0,0.00650187,0
8871_5,0,0,0,0,0,0,0.512106,0,0.0248513,1.1367
108_5,0,0,0,0,0,0,0,0,0,0
6507_5,0,0,0,0,0,0,0,0,0,0
3991_5,0,0,0,0,0,0,0,0,0,0
2222_5,323.143,8.79692,0,0,14.3957,0,22.4063,0,58.8866,28.6502
5050_5,0,0,0,0,0,0,0,0,0,0
5236_5,0,0,0,0,0,0,0,0,0,0
26002_5,0,0.870693,0,0,0,0,0,0,7.23492,0
1638_5,0,0,0,0,0,0,0,0,0,0
8671_5,0,0,0,0,0,0,0,0,0,0
50700_5,0,0,0,0,0,0,0,0,0,0
1371_5,0,44.4074,0,0,0,0,0,0,0.794951,0
384_5,0,0,0,0,0,0,0,0,0,0
65985_5,0,0,0,32.8942,0,3.45537,13.8386,0,0,0
6561_5,0,0.85209,0.141252,0,0,0.6621,0.105677,0,0,0
5205_5,0,0,0,0.125257,0.0378784,0,0,0,0,0
4200_5,0,3.49003,0,0,0,0,0,0,0,0
594_5,0,10.7524,0,0,0,0,0,0,0,0
5019_5,0,0,0,0,0,0,0,0,0,0
10998_5,0,0,0,0,0,0,0.889457,0,0,0
3034_5,0,0,0,0,0,138.13,0,0,0,0
6579_5,0,0,0,0,0,0,0,0,0,0
3030_5,0,0,0.741777,0,73.3442,0,0,0,30.608,3.91916
790_5,0,0,0,16.8657,0,0,0,0,0,0
5243_5,0,0,0,0,0,0,0,0,0,0
231_5,1.1181,3.38728,0,0,0,1.40146,1.66845,4.00478,71.1605,271.236
4258_5,0,3.87574,0,0,17.9378,0,0,0,60.9509,0
55624_5,0,2.63783,0.215683,0.262484,0.27594,1.91774,1.33084,0,0,0
2683_5,0,8.63978,0,0,0,1.77346,0,0,48.065,5.55822
80271_5,0,0,2.41939,0,0,0,0,0,0,0
3294_5,0,0,0,0,0,0,0,0,1.50696,0
8310_5,0,0,0,0,0,0,0,0,0,0
8898_5,0,0,0,0,0,373.297,0,0,1.91487,1.76403
51171_5,0,0,0,0,0,0,0,0,0,0
43_5,0,2.82041,0,0,0,0,0,0,0,0
2512_5,5406.09,8649.33,4852.35,3247.1,2812.38,2252.57,4941.96,5139.81,6540.01,1180.1
94005_5,0,2.90426,0,0,0,0,0,0,0,0
9489_5,0,0,0,0,0,0,0,0,0,0
6820_5,0,0,0,0,0,0,0,0,0,0
6564_5,0,0,0,0,0,0,0,0,0,0
54675_5,0,0,0,0,0,2.71448,0,0,39.2322,0
9962_5,0,8.80986,0,0,0,0,0,0,0,0
4842_5,0,0,0,0,0,0,0,0,0,0
9843_5,0,2.4994,0,0,0,0,0,0,14.4719,0
645_5,0,0,8.56721,33.8351,0,0,0,0,0,0
6548_5,0,0,0,0,0,0,0,0,0,0
10558_5,0,0,0,0,0,4.25569,0,817.236,0,0
4708_5,2146.23,0,0,0,138.389,0,470.808,354.026,546.305,98.7493
6476_5,0,0.245528,0,0,6.39196,0,0,0,0,0
79603_5,0,0,0,0,11.2335,0,0,0,0,0
55066_5,0,0,0,0,0.0452479,0,0,0,0,8.03221
5172_5,0,0.674098,0,0,0,0,0,0,0,0
1811_5,0,0,0,0,0,0,0,0,0,0
1738_5,0,5.8386,0,1.58124,41.3724,0,5.054,0,0,0
2271_5,0,1.1583,0,0,0,0,0,0,0,0
57084_5,0,0,0,0,0,0,0,0,0,0
1357_5,0,0,0,0,0,0,0.676695,0,0,0
1215_5,0,0,0,0,0,0,0,0,0,0
23428_5,0,0,0,0,0,0,0,0,0,0
26227_5,0,0,0,0,1.13721,0,0,0,0,71.3902
1808_5,0,0,0,0,0,0,0,0,4.27036,1.27626
1312_5,0,0,0,0,0,0,0,0,0,0
55350_5,0,0,0,0,0,0,0,0,0,0
9942_5,0,0,0,0,0,0,0,0,0,0
139596_5,0,0,0,0,0,0,0,0,0,0
5742_5,0,0,0,0,0,0,0,0,0,0
1384_5,0,0,0,0,0,0,0,0,0,0
54187_5,0,340.51,30.5871,0,0,17.0898,0.627651,0,0,17.1881
5146_5,0,0,0,0,0,0,0,0,0,0
23430_5,0,0,0,0,0,0,0,0,0,0
11332_5,0,0,0,0,0,0,0,0,0,0
6319_5,0,0,0,0.268394,0.0807815,0,0,0,0,0
158160_5,0,7.31019,0,0,0,0,0,1.51159,0,0
80270_5,0,0,0,0,0,0,0,0,0,0
9739_5,0,0,0,0,0,0,0,164.891,0,0
513_5,0,35.7557,0,0,0,1.27311,0,0,151.278,0
4713_5,35.2027,129.236,0,0,51.1425,0,0,0,338.755,116.698
9524_5,2.34803,212.074,0,291.881,22.49,0,23.6165,3.41817,0,210.164
4507_5,5.51843,0,0,0.93663,24.8561,0,3.41712e-05,0,0,0
2687_5,0,0,0,0,0,0,0,0,0,0
51733_5,0.472829,0,0,0,0,0,0,0,0,0
2678_5,0,0,0,0,45.1564,0,0,0,0,0
5625_5,0,0,0,0,0,0,0,0,0,0
6576_5,0,2.26753,0,0,0,0,0,0,0,0
50487_5,0,0,0,0,0,0,0,0,0,0
23464_5,3.23929,0,0,0,0,0,0,0,0,0
91227_5,0,0,0,0,17.4894,0,0,0,0,0
23539_5,0,0,0,0,0,0,0,0,0,0
6523_5,0,0,0,0,0,0,0,0,0,0
1727_5,0.437221,20.3164,19.3929,1.1258,2.47928,23.4156,4.85504,1.11992,0.390969,0
55586_5,0,0,0,0,0,0,0,0,0,0
1120_5,13.6932,111.032,0,0,0,0,0,0,0,0
3162_5,0,0,0,0,0,0,0,0,0,0
410_5,0,0,0,0,0,0,0,0,39.0953,0
8897_5,0,0,0,2.17757,0,0,0,289.237,2.02382,0
80339_5,0,7.43518,0,0,0,0,0,0,0,0
10478_5,0,0,0,0,0,0,0,0,0,0
50_5,0,2.29455,0,0,0,0,0,0,0,0
5372_5,0,0,0,155.38,0,0,0,0,0,0
64781_5,0,0,0,31.4243,4.46752,0,0,0,3.96064,0
5836_5,0,4.85833,0,0,0,0,0,0,0,0
64841_5,3.04137,1.19354,0,0,0,0,0.878086,0,0,0
51382_5,0.807603,0,0,0,0,0,0,0,0,0
5283_5,0,0,0,0.688886,0,0,233.523,0,0,0
2954_5,0,69.1454,0,0,0,0,0,0,0,0
9517_5,0,0,0,0,0,0,0,0,0,0
3705_5,0,1.16018,0,0,0,0,0,34.2017,158.211,13.7263
6554_5,0,0,0.394574,0,0,0,0,0,0,0
6547_5,0,0,0,0,0,0,0,0,0,0
4522_5,0,0,0,0,0,0,0,0,0,465.116
10202_5,0,0,0,0,0,0,0,0,0,0
5106_5,0,0,0,0,12.3187,0,0,0,0,89.3197
51292_5,0,0,0,2.43009,0,0,4.78229,0,465.909,0
2937_5,0,0,0,0,0,0,0,0,0,0
5834_5,0,216.321,0,0,5.71213,0,0,0,0,2.82643
28231_5,0,12.8797,0,0,11.8069,0,0,0,0,25.4093
113278_5,0,31.2762,0,0,0,0,0,0,0,0
8760_5,0,0,0,0,0,0,0,0,2.1594,0
54363_5,0,0,0,0,0,0,0,0,0,0
5332_5,0,0,0,0,0,0,0,0,0,0
3420_5,0,72.1447,0,0,0,0,0,0,0,24.7945
140679_5,0,0,0,0,0,0,0,0,0,0
191_5,0,0,0,0,0,0,0,0,0,0
128869_5,0,0,0,0,0,0,0,0,0,0
10005_5,0,0,0,0,0,0,0,0,0,0
9663_5,0,10.415,0,0,0,0,0,0,0,0
29906_5,0,0,0,0,0,13.811,0,0,0,0
9388_5,0,0,0,0,0,0,0,0,0,0
412_5,0,0,0,0,0,0,0,0,0,0
2986_5,0,0,0,0,0,0,0,0,0,0
23439_5,0,0,0,0,0,0,0,0,0,0
5634_5,0,0,11.6588,52.0492,8.3929,0,0,21.3362,55.3681,0
6839_5,0,0,0,0,0,0,0,0,0,0
286410_5,15.7178,1.2848,0,0,0,0,0,0,0,0
215_5,0,0,0,0,0,0,0,0,0,0
5973_5,0,0,0,0,0,0,0,0,0,0
55613_5,0,0,0,0,0,0,0,0,0,0
9016_5,0,0,0,0,0,12.7968,0,0,0,0
7355_5,0,12.4668,0,1.93985,0,0,0,0,0,0
5230_5,0,145.108,591.906,0,0.0332807,53.3189,0,345.776,0.198174,72.9018
6611_5,0,0.893313,0,3.66103,0,0,0,0,37.9277,0
5251_5,0,0,0,0,0,0,0,0,0,0
9468_5,0,0,0,0,0,0,0,0,0,0
2717_5,0,0,0,0,0,0,0,0,417.505,0
54_5,0,0,0,0,0,0,0,0,0,0
55757_5,1.48628,39.4252,0,0,0,15.8219,0,0,179.625,0
10166_5,0,0,0,0,0,0.582329,0,0,0,0
160851_5,0,0,0,0,5.93264,0,0,0,0,0
1723_5,0,21.6088,0,0,0,0,0,0,0,0
4832_5,9.34624,0,485.108,37.1639,0,0,2.17101,0,0,0
3038_5,0,0,0,0,0,0,0.354538,0,0,0
55512_5,0,0,0,0,0,0,0,0,0,0
9057_5,649.847,0,0,0,0,0,0,13.7292,0,0
23417_5,0,0,0,0,0,0,0,0,0,0
4833_5,0,246.18,244.978,0,15.9504,322.586,0,0,0,0
4363_5,0,14.9567,0,0,0,0,0,0,0,0
84264_5,0,0,0,0,0,0,0,0,0,0
8140_5,0,0,0,0,0,0,0,0,0,0
343_5,0,0,0,0,0,0,0,0,0,0
3163_5,0,165.786,0,100.712,0,0,0,0,0,0
23475_5,3.24694,0,0,0,0,0,0,0,0,0
64131_5,0,0,0,0,0,0,0,0,0,0
10423_5,0,0,0,0,10.3787,0,0,0,10.5307,3.64243
6530_5,0,0,0,0,0,0,0,0,0,0
366_5,0,0,0,0,0,0,0,0,0,0
23205_5,0,0,0,0,0,0,0,0,8.77854,0.903012
2184_5,0,0,0,0,0,0,0,0,262.746,0
760_5,0,0,0,0,0,0,0,0,0,0
1666_5,0,0,0,57.8086,0,0,0,0,246.786,0
7264_5,0,9.76631,0,0,0,0,0,0,410.689,0
65263_5,0,0,0,0,0,0,0,0,0,0
6713_5,0,0,0,0,0,0,0,0,0,0
2936_5,0,0,0,0,3.97753,0,0.101353,0,0,0
7991_5,0,0,0,0,0,0,0,0,19.558,0
427_5,11.4075,3.71747,10.7394,13.596,108.189,0,30.565,0,0,70.3597
4125_5,0,168.289,0,5.89074,0,0,0,0,2.41283,0
2997_5,0,0,0,0,0,0,0,0,0,0
1891_5,0,0,75.3906,748.931,1.8662,0,0,0,0,334.658
1158_5,0,0,0,0,0,0,0,0,0,0
84444_5,0,0,0,0,1.76384,0,0,0,0,0
57030_5,0,0,0,0,0,0,0,0,0,0
259307_5,0,0,0,0,0,8.84273,0,0,0,0
6511_5,0,0,0,0,0,0,0,0,0,0
29124_5,0,0,0,0,0,0,0,0,0,0
1178_5,0,0,0,0,0,0,0,0,0,0
2821_5,6.35508,0,0,0,113.583,0.93173,0,25.9964,0,1.46304
23646_5,0,0,0,0,2.58582,0,0,0,0,0
1155_5,0,23.5868,0,0,0,0,38.7404,0,0,0
6510_5,0,0,7.54984,112.805,79.918,0,2.02957,0,5.58559,114.691
2109_5,0,0,0,57.7718,0,0,0,0,0,7.93775
6822_5,0,0,0,0,0,0,0,0,0,0
478_5,0,0,0,0,0,31.1979,0,0,0,0
3036_5,0,0,0,0,0,0,0,0,0,0
64748_5,0,0,0,0,0,0,0,0,0,0
587_5,0,0,0,0,0,0,0,0,0.699684,0
2639_5,0,0,0,0,0,0,0,0,0,0
6528_5,0,0,0,0,0,0,0,0,0,0
5296_5,0,0,0,0,0,0,0,0,0,0
5143_5,0,0,0,0,10.8682,0,0,0,0,0
51477_5,0,0,0,0,0,4.4156,0,0,0,0
495_5,0,0,0,0,0,0,0,0,0,0
26330_5,0,0,0,0,0,0,0,0,0,0
10135_5,0,1220.2,0.183608,4.0165,10.8786,0.108231,0.0384346,0,2.79791,98.9317
5294_5,0,0,8.41163,0,0,1.92238,0,9.40696,0,0
5446_5,0,0,0,0,0,0,0,0,0,0
50617_5,0,0,0,0,0,0,0,0,0,0
4967_5,0,78.4202,0,0,0,0,0,3.51664,0,0
11112_5,0,0,0,0,0,0,0,0,25.7297,0
1577_5,0,31.5846,0,0,227.487,0,0,0.298666,0,4.18464
3614_5,0,0,0,0,0,0,0,0,2.09777,0
56913_5,3.3904,4.2434,0,0,0,0,0,0,0,0
644_5,0,0,0,0,0,0,0,0,0,0
2645_5,0,0,0,0,0,0,0,0,0,0
168391_5,0,6.7521,0,0,0,0,0,0,0,0
6505_5,0,0,0,0,0,0,0,0,3.35182,0
54981_5,0,0,58.6632,322.322,39.3095,0,0.227763,0,0,144.075
203_5,0,98.071,0,0,11.9606,0,0,0,0,13.4535
768_5,0,0,0,0,0,0,0,0,0,0
7306_5,0,0,0,0,0,0,0,0,0,0
8395_5,0,1.48392,6.94118,0,0,0,0,16.1536,0,0
5730_5,0,0,0,0,0,0,0,0,0,0
5264_5,0,0,0,0,0,286.383,5.27865,0,0,0
9562_5,0,0,0,0,0,0,0,0,58.2048,2.75851
3988_5,0,0,123.077,0,0,36.7019,0,0,0,0
64077_5,0,0,0,0,0,0,0,0,0,0
1562_5,0,0,0,0,1.08178,0,0,0,0,0
443_5,0,0,0,0,0,0,0,0,0,0
55163_5,0,0,0,0,0,0,0,0,0,0
9487_5,0,0,0,0,0,0,0,0,0.923797,0
2584_5,0,0,0,0,0,0,0,0,0,0
2027_5,1.1128,0,4.8205,0,0,0,0,0,0,0
8402_5,0,0,0,0,3.90992,0,0,0,0,0
6532_5,0,0,0,0,0,0,0,0,0,0
218_5,0,0,0,0,0,0,0,0,0,0
4669_5,0,0,0,0,8.72203,0,0,1.53782,11.4792,0
3292_5,0,0.466536,0,0,0,0,0,0,0,0
239_5,0,0,0,0,0,0,0,0,0,0
8714_5,0.476722,288.901,0,0,1.37794,0,0,0,0,0
230_5,0,0,0,0,0,0,0,0,0,0
7365_5,0,0,0,0,0,0,0,0,0,0
6783_5,0,0,0,0,0,0,0,0,0,0
4126_5,0,0,16.9992,0,0,0,0,0,0,0
4717_5,0,12.4434,0,11.5392,68.4613,0,176.225,0,195.439,154.062
7350_5,0,0,0,0,0,0,0,0,0,0
8821_5,0,0,0,0,0,0,0,0,0,0
51166_5,0,0,0,0,0,0,0,0,0,0
51809_5,0,0,41.7593,0,0,0,0,0,0,0
6649_5,0,0,0,0,2.71339,0,0,0,0,0
56606_5,0,51.0757,0,0,0.238432,0,0,0,0,0
7468_5,0,0,0,0,0,0,0,0,7.23559,27.0578
7358_5,2.21145,0,0,0,2.28473,0,3.71956,0,0,0
10553_5,0,0,0,0,0,0,0,0,0,0
6309_5,0,0,0,0,0,0.294459,0,0,0,0
27087_5,0,0,0,0,0,0,0,0,0,0
51111_5,0,0,0,0,9.95852,0,0,0,0,0
6484_5,0,0,0,0,0,0,0,0,0,0
1374_5,5.44818,2.52525,1.60417,0,4.72583,0,0.180051,0,0.106003,0
2348_5,0,0,0,0,0,0,0,0,0,0
2352_5,0,0,0,0,0,0,0,0,0,0
8050_5,0,0,0,0,0,0,0,0,0,0
6506_5,0,0,0,0,0,0,0,0,0,0
114971_5,0,0,0,0,16.888,0,0,0,65.0313,0
4728_5,0,19.2829,0,0,19.2098,7.3151,0,0,321.268,0
10312_5,0,10.1687,0,0,0,0,2.1522,0,584.061,10.0223
1119_5,0,0,0,0,0,0,0,0,0,12.0114
84274_5,0,0,0,0,604.716,0,0,0,0,0
1610_5,0,0,0,0,0,0,0,0,0,0
4891_5,0,159.593,0,0,0,34.6008,0,0,0,0
4598_5,0,0,0,0,0,0,0,0,0,0
506_5,14.7139,142.077,21.5529,397.9,365.439,2.93821,0,0,0,359.846
10728_5,68.7919,136.158,16.0083,212.523,8.38578,0.743927,54.6075,105.062,0.671717,12.9272
1594_5,0,0,0,0,0,0,0,0,0,0
79611_5,0,0,0,0,0,0,0,0,0,0
23371_5,0,0,0,0,0,0,0,0,0,0
4048_5,0,14.6804,0,0,0,0,0,0,0,502.576
6539_5,0,0,0,0,0,0,0,0,0,0
54682_5,0,0,0,0,0,0,0,0,0,0
80724_5,0,0,0,0,40.3083,0,0,0,0,149.55
217_5,0,10.3334,0,0.561601,262.195,3.90201,0,0,80.8326,3.05765
81539_5,0,5.39161,0,31.2,12.9484,0,2.14811,5.7146,0,486.773
2597_5,855.84,846.969,749.06,0,822.038,0,61.934,0,464.044,914.748
56994_5,0,0,0,0,0,0,0,0,0,0
7167_5,664.696,4.71572,1182.23,8.26653,19.131,0,0,0,148.923,46.2574
2026_5,0,0,0,0,0,139.209,0,0,0,0
51559_5,0,9.78189,0,0,0.0666939,0,1.47603,0,0,0
28234_5,0,0,0.199397,0.194939,1.57993,0,0.696816,0,0,0
2998_5,0,0,0,0,0,0,0,0,0,0
3945_5,1137.54,0,0,3.32888,214.697,0,0,0,95.8216,157.208
55907_5,75.1821,2.18877,0,0,0,0,0.210001,0.444978,0,0
6489_5,0,0,0,0,0,0,0,0,0,0
57379_5,0,0,0,0,0,0,0,0,0,0
1337_5,3241.66,50.6796,0,121.009,790.331,57.1281,212.874,459.428,905.622,1412.89
2651_5,0,0,0,0,0,0,0,0,0,0
10090_5,0,0,0,0,0,0,0,0,0,0
116369_5,0,0,0,0,0,23.9536,0,0,0,0
6005_5,0,0,0,0,0,0,0,0,0,0
6648_5,0,187.165,42.3201,0.0198386,0.126589,0.166922,2.78155,0.189617,24.3567,610.162
7915_5,0,1.24437,0,0,0,0,0,0,0,0
8876_5,0,0,0,0,0,0,0,0,0,0
8875_5,0,0,0,0,0,0,0,0,0,0
55856_5,0,34.0038,0.299101,0,0,0,0,0,0.673493,20.4758
135152_5,0,0,0,13.9709,0,0,0,0,1.2017,0
10246_5,0,0,0,0,0,0,0,0,0,0
9896_5,0,0,0,0,0,0,0,0,0,0
117247_5,0.468896,0,0,0,0,0,3.91367,0,0,0
6582_5,0,0,0,0,0,0,0,0,0,0
1347_5,2064.1,32.4509,39.8726,0,43.7847,538.393,196.391,114.203,619.411,2065.97
2762_5,0,0,0,0,0,3306.12,0,0,29.4818,0
2030_5,0,0,0,0,553.14,0,0,0,0,0
83594_5,0,0,0,0,0,0,0,0,0,0
3157_5,1.46929,0,429.38,0,0,0,1.37193,0,0,28.9363
23530_5,0,11.033,0,0,0.0406661,0,0,0,0,0
83697_5,0,0,0,0,0,0,0,0,0,0
3156_5,0,97.5199,269.029,0,0,0,0,0,0,0
10087_5,0,0,0,0,0,0.398008,0,0,53.1511,0
8622_5,0,0,0,0,0,0,0,0,0,0
411_5,0,0,0,0,0,0,0,0,0,0
28965_5,0,0,0,0,0,0.373303,0,0,0,0
5144_5,0,26.874,0,0,0,0.078128,0,0,25.5157,0
64902_5,0,0,0,0,0,0,0,0,0,0
10723_5,0,0,0,0,0,0,0,0,0,0
7903_5,0,0,0,0,4.30093,2.69072,0,0,0,0
10007_5,0,0,22.8259,0,0,0,0,0,0,0
1809_5,0,0,0,0,0,0,0,0,0,0
8992_5,0,0,416.323,403.009,0,0,230.901,0,0,10.7202
1962_5,0,0,0,0,0,0.655863,0,0,0,0
3081_5,0,0,0,0,0,0,0,0,0,0
56954_5,0,119.719,41.607,0,51.0563,0,0,0,0,0
5948_5,0,0,0,0,0,0,0,0,0,0
5947_5,0,0,0,0,0,0,0,0,0,0
590_5,0,0,0,0,0,0,0,0,0,0
5210_5,0,0,0,0,0,0,0,0,0,0
2632_5,0,7.22386,0,0,0,0,0,0,0,0
7372_5,0,0,0,0,0,0,0,0,0,0
523_5,0,0,0,0,0,0,0,0,0,82.2998
10057_5,0,2.55626,0,0,0,0,0,0,0,0
13_5,0,0,0,0,0.34486,0,0,0,0,0
23007_5,0,0,0,0,0,0,0,0,0,0
28972_5,2211.39,751.651,974.8,481.641,173.718,108.964,464.843,2040.18,1203.3,360.437
6508_5,0,0,0,0,0,0,0.252213,0,0,0
1716_5,45.233,151.604,0,0,5.63174,0,0,0,0,0
200576_5,0,0,0.728738,0,0.0613342,0,0,12.762,0,0
2820_5,0,0,0,0,0,0,0,0,0,0
5136_5,0,0,0,0,0,0,0.0421476,0,0,0
374291_5,0,0,0,0,0,0,0,0,0,61.1561
2591_5,0,8.57089,0,0,0.42305,0,0,0,0,0
33_5,0,0,0,0,0,0,0,0,0,0
2744_5,45.4317,1.92143,3.57326,626.369,0,56.8446,0,0,0.0351103,355.28
55825_5,50.3641,0,0,0,0,0,0,0,0,0
4759_5,0,0,0,0,0,0,0,0,0,0
8869_5,0,0,1.24721,8.34371,0,0,0,0,0,0
84812_5,0,0,0,0,0,0,0,0,0,0
6549_5,0,57.5014,0,0.0578594,0,0,0,0,0,0
80146_5,0,0,0,0,0,0,0,0,0,0
10058_5,0,0,0,0,0,0,0,0,0,0
60482_5,0,0,0,0,0,0,0,0,0,0
3069_5,170.338,1920.26,0,1109.85,772.295,154.287,0.705836,142.124,179.913,1.79509
7173_5,0,0,0,0,0,0,0,0,0,0
4953_5,645.294,3.3002,16.6509,0,0,0,0,0,20.3014,24.9291
8604_5,0,6.16572,0,0,201.666,0,0,0,0,0
3938_5,0,0,0,0,0,0,0,0,0,0
5334_5,0,0,0,0,0,0,0,0,0,0
6509_5,2.59931,0,0,0,0,0,0,77.6096,0,1.27482
8942_5,0,0,0,0,0,0,0,0,0,0
9167_5,1458.85,3.68219,0,0,0,204.633,11.4723,0,0,115.777
525_5,0,0,0,0,0,0,0,0,0,0
6697_5,0,1.60478,0,0,0,0,0,0,0,0
1718_5,0,10.4906,0,0,0,0,9.30569,0,0,0
2882_5,0,0,0,0,0,0,0,0,0,0
6342_5,0,10.6835,0,33.1864,0.476883,0,0,0,0,0
9917_5,0,0,0,0,0,0.119773,0,0,0,0
271_5,0,0,0,0,0,0,0,0,0,0
51102_5,0,0,0,0,0,0,0,0,0,0
515_5,1455.34,258.012,172.713,0,621.619,0,16.2821,0,0,181.815
55870_5,0,265.156,0.0500511,62.122,0,23.8834,0,0,0,30.1492
6723_5,42.5367,0,0,172.636,4.60157,0,117.447,0,352.259,0
23169_5,0,0,0,0,0,0,0,0,9.7055,0
5321_5,0,0,0,0,0,0,0,0,14.7169,0
270_5,0,0,0,0,0,0,0,0,0,0
1491_5,0,0,0,0,0,0,5.19355,420.378,0,0
79814_5,0,0,0,0,0,0,0,0,0,0
51086_5,0,0,0,0,0,0,0,0,0,0
51179_5,0,0,0,0,0,0,0,0,0,0
84618_5,0,0,0,0,0,0,0,0,0,0
4548_5,0,1.0548,0.331311,0,0,0,0,57.8771,0,0
8564_5,0,0,0.310877,0,0,3.75956,0,0,0,0
34_5,0,7.3389,0,2.70453,0,120.386,0,1.35294,0,9.8853
81849_5,0,0,0,0,0,0,0,0,0,0
6390_5,0,0,77.4029,0,27.1687,0,0,0,0.198468,0
6675_5,35.0581,5.29952,32.6212,0,0.21225,0,0,0,0,5.86846
26279_5,0,0,0.295673,15.5917,0,0,0,0,0,0
3155_5,0,0,0,0.750641,0,0,25.9399,0,0,0
2582_5,0,0,0,0,45.0969,0,0.680403,0,0,26.9101
6513_5,49.4883,4.12479,0,0,0,0,0,0,0,1.78301
533_5,0,0,0,18.7603,0,0,0,0,527.5,80.1812
8704_5,0,2.01213,0,0,0,0,3.70378,0,0,0
10327_5,0,2762.66,0,775.183,0,1.42231,154.31,0,1.14088,1087.63
5052_5,583.8,63.2393,607.306,369.818,418.25,0,1.15011,0,25.9405,1448.22
8503_5,0,108.277,0,0.15413,0.120238,0,0,0,0,0
10560_5,0,0,0,0,0,0,0,0,0,36.0473
5825_5,0,0,0,0,0,0,0,0,0,0
9588_5,2.99404,51.3159,52.8227,0,0,0,712.85,0,183.508,767.039
3290_5,0,0,0,0,0,1.51186,0,0,0,0
163404_5,0,0,0,0,0,6.29865,0,0,0,0
9890_5,0,0,0,0,0,0,0,0,0,0
23443_5,0,0.245617,2.07182,0,0,0,3.64296,0,0,0
200010_5,0,0,0,0,0,0,0,0,0,0
51146_5,0,0,0,0,0,0,0,0,0,0
4297_5,0.176836,9.5534,56.2043,493.537,0.381994,0,0.0998212,0,8.75496,0
11181_5,0,0,0,0,0,0,0,0,0,0
6543_5,0,0,0,0,0,0,0.759688,0,0,0
9331_5,0,0,0,0,0,0.529179,0,0,0,0
23632_5,0,0,0,0,0.525269,0,0,0,0,0
9789_5,435.609,161.167,635.521,625.657,372.379,242.603,236.59,838.32,82.4886,1636.99
6785_5,0,0,0,0,0,0,0,0,0,0
383_5,0,0,0,0,0,0,0,0,0,0
9194_5,0,0,0,0,0,0,0,0,0,0
9429_5,0,0,0,0,0,0,0,0,0,0
4709_5,867.346,22.3403,1.79464,0,11.7023,2.12475,364.946,368.3,0,343.713
9615_5,0,0,0,0,0,0,0,0,0,0
80235_5,0,0,0,0,0,0,0,0,0,0
4702_5,0,49.0877,0,0,0,0,0,238.219,338.45,120.785
79695_5,0,0,0,0.307894,0.602027,0,0,0,0,0
2531_5,0,0,0.445364,0,27.8037,0,0,0,0,0
97_5,0,0,0,0,0,0,0,0,0,0
10965_5,0,0,0,0,0.416714,0,0,0,0,0
1743_5,0,0,0,0,0,0,0,0,0,0
4329_5,0,1.87687,0,0,52.8701,9.35556,0,0,0,0
51004_5,0,0,0,0,0,45.4968,0,0,0,0
26503_5,0,3.63297,0,9.78095,0,10.9409,0,0,0,0
83401_5,0,0,0,0,0,0,0,0,0,0
57678_5,0,0,0,0,0,0,0,0,0,0
2805_5,0,1.19998,0,0,12.0782,0,0,0,0,0
79646_5,0,0,0,0,0,0,0,0,0.18807,0
25902_5,0,0,0,0,0,0,0,0,0,0
83884_5,0,0,0,0,0,0,0,0,0,0
39_5,0,0,0,0,0,0,0,0,0,722.898
84569_5,0,0,0,0,0,0,0,0,0,0
29880_5,0,80.9912,57.4824,122.233,0,0,0,0,0,151.446
83468_5,0,0,0,0,0,0,0,0,0,0
2053_5,0,5.42476,0,0,0,0,0,0,0,0
157506_5,0,0.485076,0,0,0.0480652,0.179403,0,0,0,0
8288_5,0,0,0,0,0,0,0,0,0,0
9227_5,0,0,0,0,0,20.5989,0.711647,0,0,0
85320_5,0,0,0,0,0,0,0,0,0,0
113_5,0,0,0,0,0,0,0,0,0,0
55268_5,0,70.5626,0,0,0,0,0.176745,0,0,0
3764_5,0,0,0,0,0,0,0,0,0,0
8702_5,0,0,0,0,0,0,0,0,0,0
847_5,0,4.04258,0,7.32931,0.188498,0,0,0,0,0
2170_5,0,0,0,0,0,0,0,0,0,0
5290_5,0,0,0,0,46.0825,0,0,0,0,0
4952_5,0,0,0,0,0,0,0,0,0,0
9956_5,0,0,0,0,0,0,0,0,0,0
51251_5,0,345.539,235.81,236.41,2.83214,0,0,0,0,322.758
48_5,0,0,0,0,0,0,0,0.0944354,0,0
6718_5,0,0,0,0,0,0,0,0,0,0
9469_5,0,0,0,0,0,0,0,0,0,0
5033_5,0,0,0,0.312625,0.0638703,0,0,1.22501,9.72409,0
8034_5,0,0,0,0,40.85,0,0,0,0,0
35_5,0,2.31716,0,0,0.693937,0,0,0,0,0
2974_5,0,0,0,0,0,0,0,0,0,0
5153_5,0,0,0,0,0,0,0,0,0,0
1757_5,0,0,0,0,0,0,0,0,0,0
1621_5,0,0,0,0,0,0,0,0,0,0
262_5,0,0,0.649275,28.4111,33.7621,0,0,0,0,0
206358_5,0,0,0,0,0,0,0,0,0,0
81579_5,0,0,0,0,0,0,0,0,0.580988,0
5208_5,0.095922,0.201903,0.272574,3.28534,0.143859,0,0.322348,0,0,0
2181_5,0,6.50659,0,0,0,0.102465,0,0,8.31463,0
79586_5,0,0,52.6505,43.8235,5.33718,0,0,10.024,1005.05,6.14859
116255_5,0,0,0,0,0,0,0,0,0,0
6560_5,0,0,0,0,0,0,0,0,5.5681e-06,0
140687_5,0,0,0,0,0,0,0,0,0,0
57468_5,0,0,0,0,0,0,0,0,0,0
51604_5,0,56.8064,0,0,0,0,0,822.403,0,28.2962
514_5,34.8949,29.3175,17.9457,3.67304,9.2073,6.88317,61.3868,25.3368,7.5334,115.522
5335_5,0,0,0,0,0,0,0,0,0,0
5740_5,0,0,0,0,0,0,0,0,0,0
5105_5,0,0,0,0,0,0,0,0.345161,0,0
5184_5,0,0,0,0,0,0,0,0,0,0
55577_5,0.813483,27.4175,30.2271,0,0,7.64511,248.244,0.941944,0,0
84693_5,0,0,0,174.995,0,0,255.185,0,37.2959,17.0728
10396_5,120.363,0,0,0.300144,2.39642,0,0,0,0,0
10786_5,0,0,0,0,0,0,0,0,0,0
6568_5,0,0,0,0,0,0,0,0,0,0
2739_5,0,0,0,0,0,0.368052,0,1.18055,72.2781,0
2806_5,0,3.12339,0,0,61.5084,5.18774,0,0,0,0
171425_5,0,0,0,0,32.5501,0,0,0,0,0
6555_5,0,0,0,0,0,0,0,0,0,0
10257_5,0,0,0,0,0,31.8675,20.9715,0,12.02,0
4694_5,1925.23,23.8904,675.505,44.6682,1215.25,207.812,239.225,742.844,902.691,1825.64
27109_5,373.456,0,0,354.226,0,0,0,0,0,0
9953_5,0,0,0,0,0,0,0,0,0,0
60386_5,0,14.4253,0,0,0,0,0,0,0,0
30833_5,0,0,0,0,0,0,0,0,0,0
56261_5,0,0,1.92336,0,0,0,14.6986,1.64488,0,0
80025_5,0,0,0,0,0,0,4.97789,0,0,0
3704_5,0,0,0,0,0,0,0,0,343.474,0
7389_5,0,0,0,0,0,0,0,0,0,0
6487_5,0,0,0,0,0,0,0,0,0,0
10870_5,0,0,0,0,0,0,0,0,0,125.093
1340_5,230.692,198.282,465.709,6.10223,225.181,474.716,68.4279,65.0247,0,139.614
435_5,0,52.4901,0,0,6.44632,0,0,0,0,0
81537_5,0,0,0,23.1732,0.108816,0,0,0.16467,1.18881,0
79717_5,0,0,70.9769,6.10416,2.72868,0,3.51716,4.13997,61.4997,0
1350_5,1265.22,29.6015,317.454,48.0267,356.677,1359.36,1043.72,92.5855,246.051,676.073
3425_5,0,0,0,0,0,0,0,0,0,0
5322_5,0,0,0,0,0,0,0,0,0,0
10975_5,136.36,181.757,0,236.114,0.408139,132.93,0,139.113,47.1203,223.952
1892_5,21.1258,24.2618,0,0,343.351,0,0,0,0,0
79644_5,0,0,0,0,35.8558,0,0,0,0,0
10606_5,0,0,0,3.58945,0.352989,0,0,69.1894,0,17.5327
5471_5,0.643004,0,0,0,0,0,0.871723,0,0,0
9514_5,0,0,0,0,0,0,0,0,0,0
53947_5,0,0,0,0,0,0,0,0,0,0
4357_5,0,0,0,0,0,297.909,0,0,0,0
7263_5,0,0,0,0,0,0,0,0,0,0
9296_5,16.0616,0,0,0,97.0431,0,0,0,24.0796,0
4698_5,0,4.1599,0,1.73122,15.6899,0.0781558,13.3853,0,0,0
50940_5,0,0,0,0,0,0,0,0,0,0
2571_5,0,0,0,0,0,0,0,0,0,0
8854_5,0,0,0,0,0,0,0,0,0,0
3712_5,0,33.0555,0.202302,0,0,0,0,0,0,0
1854_5,0,0,0,11.3197,0,0,0,0,0,0
60559_5,49.7404,338.951,759.671,295.902,148.504,245.394,2.02658,36.8074,54.2554,163.625
8424_5,0,0,0,0,0,0,0,0,0,0
7166_5,0,0.292307,0,0,0.0269078,0,0.0886014,0,0,0
1635_5,20.7746,0,0,0,0,0,0,0,27.92,8.18307
5338_5,0,0,0,0,0,0,0,0,0,0
482_5,0,0,0,0,0,0,0,0,0,0
196883_5,0,0,0,0,0,0,0.21816,0,0,0
1036_5,0,0,0,0,0,0,0,0,0,0
15_5,0,0,0,0,0,0,0,0,0,0
79948_5,0,0,0,0,0,0,0,0,0,0
2593_5,0,0,0,0,0,0,0,0,0,0
26290_5,0,0,0,0,0,0,0,0,0,0
6303_5,2840.2,3456.83,6990.22,40151,4737.89,76.0846,82.1865,0,410.571,283.065
59272_5,0,0,0,0,0,0,0,0,0,0
376497_5,0,0,0,0,1.52749,0,0.897798,0,2.56252,0
25796_5,0,16.5139,0,0,0,0,0,38.0546,0,0
81616_5,0,0,0,0,0,0.515543,0,0,0,0
2527_5,0,0,0,7.47544,0,1.11631,0,0.920873,0,0
4705_5,0,0.415042,0,0.0800069,0.0483943,2.79876,0.207864,0.160615,0,0
7837_5,0,0,0,0,0,0,0,0,74.2039,0
25830_5,0,0,0,0,0,0,0,0,0,0
1571_5,0,6.65087,0,0,0,0,0,0,0,0
445_5,0,2.02313,0,0,5.40252,0,0,0,0,0
83549_5,0,0,0,0,0,0,0,0,0,0
6535_5,0,0,0,0,0,0,0,0,0,0
56301_5,0,0,0,0,0,0,0,0,0,0
3293_5,0,0,0,0,0,0,0,0,0,0
8789_5,0,0,0,0,0,0,0,0,0,0
11046_5,0,0,0,9.17725,0.979685,489.607,0,6.29053,0,0
84701_5,0,0,0,0,0,0,0,0,0,0
2686_5,0,0,0,0,0,0,0,0,0,0
55902_5,0,166.943,0,0.274424,0,0,0,0,0,0
529_5,0,0,0,0,0,0,0,0,12.0686,5.51326
1327_5,4231.17,432.842,1186.87,0,362.682,886.859,39.495,140.373,51.528,404.464
1349_5,509.466,13.4086,19.0354,0,33.5037,32.344,0,1.62291,5.02737,171.35
6569_5,0,0,0,0,0,0,0,0,0,0
3620_5,0,0,0,0,0,5.85081,0,0,0,0
5538_5,0,0,0,0,0,0,0,0,0.480128,194.649
26061_5,0,0,0,0,0,0,0,0,14.287,0
117248_5,0,0,0,0,0,1.33631,7.12169,0,0,0
6533_5,0,0,0,0,0,0,0,0,0.552135,0
9945_5,0,0,0,0,0,0,0,0,0,0
8639_5,0,0,0,0,0,0,0,0,0,0
47_5,0.158445,0,0,1.62855,0,0.236028,0.45644,0,0,0
314_5,0,0,0,0,0,0,0,0,0,0
2538_5,0,0,0,0,0,0,0,0,0,0
4695_5,0,85.2932,0,10.4075,228.595,807.135,0,0,45.8534,0
765_5,0,0,0,0,0,0,0,0,0,0
1160_5,0,0,0,0,0,0,0,0,0,0
10948_5,0,0,0,0,0,0,0,0,0,0
5160_5,0,0,0,0,0,0,0,0,0,19.8726
64087_5,0,0,0,0,0,0,0,0,114.035,0
22856_5,0,0,0,0,0,0,0,0,0,0
2643_5,0,21.4173,0,0,0,0,0,0,0,0
6538_5,0,0,0,0,0,0,0,0,0,0
51478_5,0,196.413,0,0,0,0,9.23468,33.3938,0,0
51805_5,0,0,0,0,0,0,0,0,0,0
1644_5,0,0,0,0,0,0,0,0,0,0
55065_5,0,0,0,0,0,0.353619,0,0,0,0
3000_5,0,0,0,0,0,0,0,0,0,0
84105_5,0,0,0,0,0,0,0,6.74661,67.9803,231.519
57127_5,0,0,0,0,0,0,0.561298,0,0,0
480_5,0,0,0,0,0,0.845908,0,0,0,0
91703_5,0,0,0,0,0,0,0,0,0,0
222_5,0,0,0,0,0,0,0,0,0,0
64900_5,0,6.70327,0,0,0.169816,0,0,0,0,0
29958_5,0,0,0,98.6789,0,0,0,51.5402,5.23155,0
23743_5,0,0,0,0,0,0,0,0,1.66544,0
8170_5,0,0,0,0,0,0,0,0,0,0
5145_5,0,0,0,0,0,0,0,0,0,0
93492_5,0,0,0.36353,0,0,0,0,0,0,0
10400_5,0,0,0,0,0,0,0,0,0,0
5287_5,0.101902,0,0,0,0,0.301848,0,0,0,0.780951
1118_5,0,0,0,0,0,0,0,0,0,0
9365_5,0,0,0,0,0,0,0,0,0,0
84787_5,0,0,0,0,0,0,0,0,0,0
5158_5,0,0,0,0,0,2.4042,0,0,0,0
55748_5,5.4181,0,37.8677,0,2.11971,0,2.09316,0,0,0
66035_5,0,0,0,0,0,0,0,0,0.183158,0
728441_5,0,0,0,0,0.969234,0,0,0,0,0
3612_5,0,0,0,0,0,0,0,0,0,0
759_5,0,0,0,0,0,0,0,0,0,0
272_5,0,0,0,0,0,0,0,0,164.321,0
3295_5,0,3.32306,0,0,0,0,0,76.7609,0,8.62632
4017_5,0,0,0,0,0,0,0,0,2.18111,0
2944_5,0,0,0,5.65084,0.808743,1.15598,0,0,0,0
27159_5,0,0,0,0,0,0,0,0,0,0
3158_5,0,0,0,0,32.5885,0,0,0,0,0
10390_5,0,0.560826,0,0,0,0,0,0,0.23162,0
54407_5,15.7268,59.4953,0,118.914,6.10353,0,0,0,63.8119,0
23175_5,0,0,5.56599,170.683,0,0,0.0701905,0,0,0
129607_5,0,0,0,0,0,0,0,0,0,0
3939_5,0,30.3324,425.23,0.286987,151.063,102.259,0,0,52.8789,2168.78
10599_5,0,0,0,0,0,0,0,0,0,0
53_5,0,8.79387,0,0,0,0,0,0,0,0
1573_5,0,0,0,0,0,0,0,0,0,0
747_5,0,0,0,0,0,0,0,0,0,0
9415_5,0,0,0,0,0,0,0,0,0,0
3703_5,893.962,1.28982,18.3252,1.5151,3.6853,2.21498,6.57784,4.19889,6.03516,305.331
55312_5,0,0,0,0,0,0,0,0,0,0
29968_5,0,0,0,0,0.0881892,0,0.292351,0,0,13.9812
10993_5,0,0,0,0,0,0,0,0,0,0
948_5,0,0,0,0,0,0,0,0,0,0
79799_5,0,0,0,0,0,0,0,0,0,0
54490_5,0,0,0,0,0,0,0,0,0,0
4907_5,0,0,0,0.107572,0,0,0,0,0,0
517_5,538.016,700.064,196.867,233.413,42.9675,30.4473,239.091,290.615,615.686,225.441
27165_5,0,0,0,0,1.60724,0,0,0,0,0
5959_5,0,16.6807,0,0,0,0,0,0,0.60689,0
2583_5,0,0,0,0,0,0,0,0,0,0
4284_5,0,0,0,0,0,0,0,0,0,0
6610_5,0,0,0,0,0.434747,0,0,0,0,0
2799_5,0,83.5994,0,0,0.317451,0,0,0,4.63012,0
53630_5,0,0,0,0,0,0,0,0,0,0
23563_5,0,0,0,0.230278,0,0,0,0,0,0
6553_5,0,0,0,0,0,0,0,0,0,0
2752_5,0,0,0,0.267908,0,0,0,0.188959,0,0
5279_5,0,11.8983,0,0.907978,0,0,0,0,0,0
80704_5,0,0,0,0,0,0,0,0,0,0
1593_5,0,0,0,0,0,0,0,0,0,0
1329_5,1.33932,13.4394,0,6.71237,274.073,0,5.84706,1.69136,59.2215,194.164
160428_5,0,0,0,0.198365,0.379331,0,0,0,0,0
8803_5,0,0,0,339.095,0,0,0,0,0,42.2489
83852_5,0,62.864,0,0,0,0,0,0,0,0
55501_5,0,66.6949,12.01,0,0,0,0,1.70522,0,0
1607_5,0,69.6721,0,0,0.0274431,218.832,0,0,0,0
10588_5,0,492.98,0,0,0,0,3.31754,0,0,46.128
3658_5,43.1215,0.614207,0.117381,0.610634,23.0098,67.6878,0.429249,1.85482,0,0
4711_5,266.664,54.1687,0,23.3347,605.497,0,0.890115,0,20.8972,0
11227_5,0,0,0,0,0.488509,0,0,0,0,0
55627_5,0,0,0,0,0,0,0,0,0,0
9394_5,0,0,0,0,0,0,0,0,3.88214,0
56886_5,0,0,0,2.04729,0,0,0,0,0,10.1089
2572_5,0,0,0,0,0,0,0,0,0,0
27090_5,16.2686,0,0,0,803.244,0,81.0447,0,0,7.92282
29988_5,0,0,0,0,0,0,0,0,0,0
229_5,0,4.02194,0,0,0,0,0,0,0,0
2356_5,0,0,0,0,0,0,0,0,0,0
570_5,0,0,0,0,0,0,0,0,0,0
9550_5,39.7655,56.8107,416.687,0,6.72356,0,7.96356,0,0.0853587,0
8818_5,0,0,36.7762,105.952,0,0,751.72,204.543,0,0
5168_5,0,0,0,0,0,0,0.0529972,0,0,0
9380_5,0,0,0,0,0,0,0,0,16.4786,0
219_5,0,0,0,0,0,0,0,0,0,0
2766_5,0,0,0,0,0.68886,0,0,0,0,0
10864_5,0,0,0,0,0,0,0,0,0,0
1208_5,0,0,0,0,0,0,0,0,0,0
11309_5,0,0,0,0,0,0,0,0,0,0
8836_5,0,0,0,0,1.59244,0,0,0,0,57.1085
2542_5,0,0,0,0,0,0,0,0,0,0
51496_5,0,7.65749,113.319,0,0,0,0,0,0.799371,0
3706_5,0,0,0,0,0,0,0,0,0,0
5330_5,0,0,0,0,0,0,0,0,0.96142,0
53905_5,0,0,0,0,0,0,0,0,0,0
9153_5,0.387279,21.3312,0,0.188925,0.152426,0.454767,0.732611,0,0.185797,0
64220_5,0,0,0,0,0,0,0,0,0,0
1588_5,0,0,0,0,0,0,0,0,0,0
1629_5,0,0,0,0.0233801,0,18.4032,0,5.49594,0,0
85465_5,0,0,0,0,0,0,0,0,0,0
3032_5,0.60488,0,0,3.05949,20.5406,92.7846,0,0,0,0
3795_5,0,0,0,0,0,0,0,0,0,0
109_5,0,0,0,0,0,0,0,0,0,0
1545_5,0,0,0,0,0,0,0,0,0,0
8884_5,0,0,0,0,0,0,0,0,0,0
64240_5,0,0,0,0,0,0,0,0,0,0
6519_5,0,0,0,0,1.53092,0,0,0,0,0
1559_5,0,0,0,0,0,0.445863,0,0,0,0
1558_5,0,0,0,0,0,0,0,0,0,0
9023_5,0,0,0,0,0,0,0,0,131.1,0
953_5,0,68.2469,0,0,0,0,0,9.83728,0,0
51196_5,0,245.774,0,0.77562,0,4.67737,0,0,0,0
5950_5,0,0,0,0,0,0,0,0,0,0
316_5,0,0,0,0,0,0,0,0,0,0
471_5,0,0,0,0,347.812,0,0,0,0,0
130752_5,0,0,0,0,0,0,0,0,0,0
3417_5,0,0.744017,0.79538,5.14177,0.580777,0,39.6529,0,0,0
30061_5,0,0,0,0,0.556351,0,0,0.205762,0,0
26035_5,0,0,0,0,0,0,0,0,0,0
60490_5,0,0,7.55981,0,14.254,2.75935,0,0,465.89,0
64579_5,0,0,0,0,0,0,0,0,0,0
8654_5,0,0,209.516,0,668.25,0,14.3058,0,0,0
27068_5,66.6596,0,0,0,0,0,0,0,0,0
3033_5,369.563,2.52661,0,0,0,0,0,0,0,0
9061_5,0.570145,648.681,0,0.242028,0,0,0.787297,0,0,0
283358_5,0,0,0,0,4.32779,0,0,0,0,0
5149_5,0,0,0,0,0,0,0,0,0,0
84920_5,0,0,0,0,0,0,0,2.45457,0,0
5288_5,0,0,0,0,0,0,0,0,0,0
89869_5,0,0,0,0,0,0,0,0,0,0
53919_5,0,0,0,0,0,0,0,0,0,0
55500_5,1.02409,131.325,0.121711,0.152875,60.0284,0,0,542.574,0,18.0894
4704_5,0.00042963,0,0,1.28608,33.9047,0,1.73986,0,105.385,1.77391
55089_5,0,0,0,0,0,0,0,0,0,30.7868
121278_5,0,0,0,0,0,0.199015,0,0,0,0
374462_5,0,0,0,0,0,0,0,0,0,0
144193_5,0,0,0,0,0,0,0,0,0,0
113675_5,0,0,0,0,0,0,0,0,0,0
51228_5,0,0,0,0,0,0,0,0,29.7196,0
9107_5,0,0,0,0,0,5.87999,9.34376,0,0,0
6541_5,0,0,0,0,1.34986,0,0,0,0,11.669
6821_5,0,0,0,0,0,0,0,0,0,0
8608_5,0,0,0,0,0,0,0,0,0,0
91012_5,0,8.97686,0,0,0,0,0,0,0,0
11226_5,4.76876,0,0,0,0.24935,0,0,0,0,22.2079
51380_5,0,0,0,0,0,0,0,0,0,0
2098_5,0,0,0,0,0,0,0,0,0,0
23067_5,0,0.796891,0,13.5831,0,0,0,0,3.61863,0
145226_5,0,0,0,0,0,0,0,0,0,0
122481_5,0,0,0,0,0,0,0,0,0,0
123041_5,0,0,0,0,0,0,0,0,0,0
9990_5,0,9.16698,0,0,0,0,0,0,0,0
6652_5,0,0.421604,0,0,13.0893,0,0,0,0,0
50506_5,0,290.866,0,0,0.319953,2.04091,0.615938,0.362609,0,0
11001_5,0,0,0,0,0,0,0,0,0,0
3067_5,0,0,0,0,0,0,0,0,0,0
9245_5,0,0,0,0,0,0,0,0,0,0
2108_5,863.09,3.48303,0,0,16.8627,0,0,0,0,287.429
1583_5,0,0,0,0,0,0,0,0,0,0
1543_5,0,0,0,0,0,0,0,0,0,0
1544_5,0,0,0,0,0,0,0,0,0,0
51458_5,0,0,0,0,0,0,0,0,0,0
23478_5,0,0.724326,243.429,0,0,3.93048,0,0,1.37021,0
5373_5,1.1647,0,2.82743,16.7886,43.8346,2.21779,20.9643,999.731,0,465.611
6524_5,0,0,0,45.5557,0,0,0,0,0,0
7385_5,3.63036,15.7734,0,0,139.575,0,11.9524,5.4952,0,499.227
10164_5,0,0,0,0,0,0,0,0,0,0
2653_5,0,0,0,0,0.0900277,0,0,0,0,0
4716_5,0,0,0,160.895,7.70158,0,247.982,17.9165,375.842,219.92
2588_5,0,0,0,0,0,0,0,0,0,0
64180_5,0,0,0,0,0,0,0,0,0,0
10351_5,0,0,0,0,0,0.825882,0,0,0,0
92579_5,0,0,0,0,0,0,0,0,11.2252,9.18126
3613_5,0,31.9737,0,0,0,0.756406,0,0,0,0
2589_5,0,14.311,0,42.7118,0,0,0,0,0,0
4864_5,0,0,0,0,0.264069,23.7881,0,0,107.192,10.0094
6563_5,0,0,0,0,0,0,0,0,0,0
284111_5,0,334.914,0,0,0,0,0,0,0,0
112483_5,0,0,27.0972,0,0,11.5259,15.043,0,0,0
23533_5,0,0,0,0,0,0,0,0,0,37.857
9123_5,0,0,0,0,0,0,0,0,0,0
79672_5,0,103.66,0,0,0,0,0,0,0,0
5409_5,0,0,0,0,0,0,0,0,0,0
8612_5,0,0,0,0,0,0,0,0,0,0
5211_5,0,0,0,0,34.8867,0,0,0,0,0
641649_5,0,0,0,0,0,0,0,0,0,0
80162_5,0,0,0,0,0,0,0.642407,0,0,10.3944
6647_5,251.683,1443.51,0,65.7505,36.2581,0,0,140.666,200.499,25.065
6531_5,0,0,0,0,0,0,0,0,0,0
55244_5,0,0,0,0,0,0,0,0,0,0
93650_5,0,0,0,0,0,0,0,0,0,0
6518_5,0,0,0,0,0,0,0,0,5.30054,278.508
5226_5,0,2.47464,0,0,0,0,0,0,0,0
10026_5,439.594,0,0,0.462683,0,0,0,16.4457,0,0
113451_5,0,0,0,0,0,0,0.111966,0,0,0
1580_5,0,0,0,0,0,0.487633,6.84951,0,0,0
223_5,224.987,0,0,0,0,0,0,0,0,0
481_5,0.557559,13.3578,1.06349,0,14.8606,18.4105,0,1.40216,6.55689,27.7035
29922_5,0,82.8378,0,0,131.898,593.087,0,22.3181,110.166,0
25874_5,0,4.12459,0,0,0,0.328109,7.29509,0,0,0
7371_5,0,0,0,0,0,0,0,0,0,0
4259_5,0,16.1994,0,0,0,0.194546,0,0,0,0
55811_5,0,0,0,0,0,0.769363,0,0,0,0
5498_5,0,14.8036,0,0,0,0,0,0,0,0
6391_5,0,0,0,0,0,0,0,0,17.4305,0
93183_5,0,221.266,0,0,4.91497,0,0,0,0,0
9869_5,0,0,0,0,0,0,0,0,0,0
5298_5,0,0,0,3.72855,0,0,0,0,0,0
8394_5,0,0,0,0,0,0,0,0,0,0
29956_5,0,0,0,266.682,0.270023,0,0,0,0,174.522
57198_5,0,0,0.703952,0,0,0,0,0,0,67.2198
11000_5,0,0,0,0,162.835,0,0,0,0,0
89872_5,0,0,0,0,0,0,0,0,0,0
5313_5,0,0,0,0,0,0,0,0,0,0
2590_5,0,0,0,0.444269,0,0,0,0,0,0
52_5,0,9.16868,0,0,0,16.4711,0,0,0.91644,4.11604
8560_5,0,0,0,0,0,0,0,0,6.80057,0
3707_5,0,0,0,0,0,0,0,0,0,0
2987_5,8.92986,257.618,0,17.0731,82.5256,0,4.01029,0,238.064,0
129642_5,0,0,0,0,1.22568,0,0,0,0,0
29920_5,0,0,0,0,0,0,0,0,0,0
3930_5,0,0,0,6.90739,0.29093,0,0.695692,0,0,39.2048
55224_5,0,0,0,0,0,0,0,0,0,0
245973_5,0,0,0,0,0,0,0,0,0,0
64241_5,0,0,0,0,0,0,0,0,0,0
8446_5,23.3457,0,0,0.124466,0,0,2.89004,0,21.9023,0
6574_5,4.66485,0,0.895945,0,0,0,4.92969,0,0,1.8516
114805_5,0,0,0,0,0,0,0,0,0,0
57282_5,0,0,0,0,0,0,0,0,0,0
29926_5,0,0,0,0,4.87508,0,2.78088,0,0,0
115286_5,0,0,0,0,0.0998526,0.671049,0,0,0,0
10840_5,0,34.9259,0,0,0,0,0,0,0,0
275_5,0,0,0,0,0,3.10433,0,0,0,0
1609_5,0,0,0,0,0,0,0,0,0.249237,0
10861_5,0,0,0,0,0,0,0,0,0,0
345274_5,0,0,0,0,0,0,0,0,0,0
79966_5,0,0,0,0,0,0,0,0,0,0
58478_5,0,0,0,0,0,0,28.8394,0,0,0
2169_5,0,0,0,0,0,0,0,0,0.0194587,0
80854_5,0,0,0,20.38,0,12.3519,0,0,50.5691,0
84869_5,0,0,0,2.56916,6.28832,0,0,1257.41,0,15.916
285440_5,0.207067,0,0,0,0,0,0,0,0,0
4726_5,9.50267,3.02662,0,0,52.3114,0,0,8.57512,0,0
6715_5,0,0,0,0,0,0,0,0,0,0
5295_5,0,0,0.123995,1.0992,0.0762571,0.0709893,0,0,0,0
635_5,0,0,0,0,0,0,0,0,0,0
23262_5,42.1026,5.47583,0,0.0148147,1.52107,5.23432,0,0.0337252,7.13308,0
10050_5,0,0,0,0,0,0,0,0,0,0
192286_5,58.4613,23.0304,0,0,774.734,0,44.075,0,473.486,166.023
7941_5,0,0,0,0,0,0,0,0,0,0
4594_5,0,0,0,0,0,2.01413,0,0,0,0
54511_5,0,0,0,0,0,0.218598,0,0,0,0
51557_5,0,0,0,0,0,0.794653,0,0,0,0
51302_5,0,0,0,0,0,8.11557,0,0,0,0
154091_5,0,0,0,0,0,0,0.0578547,0,0,0
6581_5,0,0,0,0,0,0,0,0,0,0
4191_5,0,2.06669,0,0,0,0,0,9.57334,0.847912,140.879
5723_5,0,0,0,0,26.5865,0,0,0,0,0
57393_5,0,0,0,0,0,0,0,0,0,0
6567_5,0,0,0,0,0,0,0,0,0,0
56548_5,0,0,0,0,0,0,0,0,0,0
54539_5,0,0,0,0,40.2438,0,0,670.073,0,12.1072
10682_5,0,0,11.3218,0,351.736,0,0,0,0,102.605
8473_5,91.3395,129.844,33.6156,141.404,97.4805,166.74,0.0483909,575.326,37.6395,12.6815
5631_5,0,0,0,0,0,0,0,0,0,0
50814_5,0,0,0,0,0,0,0,0,0,0
55790_5,0,6.34346,0,0,0,176.392,0,0,11.3975,0
526_5,0,0,0,0,0,0,0,0,10.9666,2.07823
51312_5,0,66.3028,0,0,0,0.875368,0,0,0,0
11212_5,0,0,34.9,0,100.276,5.26525,2.64123,0,0,0
137902_5,0,0,0,0,0,0,0,0,0,0
84513_5,356.712,5.23873,979.864,28.8925,54.0131,0,0,30.4502,194.926,14.4002
54904_5,138.499,0,0,0.313172,0,247.655,0,0,93.6792,0
137872_5,0,0,0,0,0,0,0,0,0,0
115111_5,0,0,0,0,0,0,0,0,0,0
245972_5,0,0,0,0,0,0,0,0,0,0
1807_5,0,0,0,0,0,0,0,0,0,0
4715_5,0,29.1421,0,69.9589,203.223,0,687.847,15.5121,0,141.28
93100_5,0,0,0,0,0,0,0,3.52614,0,0
50808_5,0,10.7838,0,0,20.4683,0,19.0456,0,18.4336,0
549_5,0,0,0,0,0,0,0,13.2865,0,0
7357_5,0,0,0,0,0,0,0,0,0,83.2402
210_5,0,0,0,0,0,0,0,0,0,0
26301_5,0,0,0,0,0,0,0,0,0,0
80142_5,0,0,0,0,0,0,0,0,0,0
9536_5,0,0,0,0,0,0,0,0,0,0
91734_5,0,0,0,0,0,0,0,0,0,0
56623_5,0,0,0,0,0,0,0,0,0,0
2746_5,0,557.751,0,0,0.225008,0,0,194.277,0,117.815
1586_5,0,0,0,0,0,0,0,0,0,0
159963_5,0,0,0,0,0,0,0,0,0,0
51144_5,1.00396,0.365957,173.992,0,0,0,0.586324,0.147112,0,0
8525_5,0,0,0,0,0,0,0,0,0,0
10249_5,0,0,0,0,0,0,0,0,0,0
8501_5,0,0,0,0,0,163.263,0,0,0,0
283208_5,0,0,0,0,0,0,0,0,0,0
92086_5,0,0,0,0,11.0895,0,0,0,0,0
9376_5,0,0,0,0,0,0,0,0,0,0
26007_5,0,4.07597,0,0,39.1273,0,0,0,148.093,0
3992_5,2.68902,0.860188,0.305792,0,11.1852,4.98749,3.05164,0.321136,0.117205,0
9651_5,0,0,0,0,0,0,0,0,0,0
26229_5,0,0,0,0,225.445,0,0,0,0,0
114571_5,0,0,0,0,0,0,0,0,0,0
5331_5,0,8.42523,0,0,0,0,0,0,0,0
7108_5,0,0,0,0,0,1.1659,0,0,0,0
226_5,0,233.418,330.189,0,616.943,0,0,92.7628,0,32.0032
3176_5,0,0,0,0,1.29426,0,0,1.42102,0,11.6854
84735_5,0,0,0,0,0,0,0,0,0,0
1737_5,0,160.459,0,0,0,1.75744,0,0,0,0
5805_5,0,0,0,0,0.146022,0,0,0,0,0
5305_5,33.2913,0,0,0,0,0.196166,0,0,5.85195,1.54346
84076_5,0,0,0,0,0,0,0.108162,0,0,0
23657_5,0,0,0,5.93992,0,0,0,0,0,0
54995_5,0,0,0,29.9639,0,0,1.96878,0,0,0
55293_5,0,0,0,0,0,0,0,0,0,0
4143_5,0,0,0,0,0,0,0,0,0,0
114134_5,0,0,0,0,0,0,0,0,0,0
2132_5,0,0,6.15648,0,0,68.1512,0,0,0.773277,0
4718_5,181.412,0,2.55225,30.1758,58.6753,0,110.69,67.3215,188.794,323.699
10873_5,0,0,0,0,0,0,0,0,0,0
127124_5,0,0,0,0,0,0,0,0,0,0
27034_5,0,0,0,0,0,0,0,0,0,0
5860_5,0,0,0,0,0,0,0,0,0,27.7638
166785_5,0,0,0,0,0,0,0,0,0,0
1646_5,0,0,0,0,0,0,0,0,0,0
5281_5,0,0,0,101.031,0,0,0,0,0,272.202
3628_5,0,206.455,0,0,194.989,0,0,0,0,0
2180_5,0,0.762413,0,0,0,0,0,0,0,0
291_5,0,0,0,0,0,445.6,0,0,0,0
6999_5,0,0,0,0,0,0,0,0,0,0
4249_5,0,0,0,0,0,0,0,0,37.6843,0
498_5,27.5594,309.229,0,91.6884,233.65,0,179.097,456.069,69.8257,429.459
57818_5,0,0,0,0,0,0,0,0,0,0
5140_5,0.19232,0,0,0,0,0,0.224272,0,0,0
2977_5,0,0,0,0,0,0,0,0,0,0
79723_5,0,0,0,0,0,0,0,0,0,0
5213_5,0,37.7101,0,0,0,0,0,0,0,0
53354_5,0,0,0,0,0,0,0,0,0,0
9453_5,0,4.0958,0,0.139496,0,2.4225,0.530378,0.559055,0.097185,0
130013_5,0,0,0,0,0,0,0,0,0,0
9481_5,0,38.6972,0,0,0,0,0.0937895,0,0,0
22934_5,0,1.21378,0,0,0,0,0,0,0,0
8526_5,0,0,0,0,0,0,0,0,0,0
9653_5,0,0,0,0,0,0,0,0,0.611707,0
9955_5,0,0,0,0,0,0,0,0,0,0
125206_5,0,0,0,0,0,0,0,0,0,0
26289_5,0,0,0,0,0,0,0,0,0,0
204219_5,0,0,0,0,0,0,0,0,0,0
5169_5,0,0,0,0,0,0,0,0,0,0
375056_5,0,64.9294,47.3787,0,0.106902,47.1334,0,33.3974,2.10393,335.639
518_5,568.625,305.676,325.749,0,6.48607,0.119656,0,0,222.158,746.989
5137_5,0,0,0,0,0,0,0,0,0,0
522_5,1109.92,194.369,13.1888,0,462.136,51.2923,75.0124,603.427,286.629,1685.11
84532_5,0,0,0,0,17.558,0.156268,0,248.869,0,7.98776
113612_5,0,0,0,0,0,0,0,0,0,0
528_5,0,0,0,0,132.944,0,0,0,0,0
55326_5,0,0,0,4.84742,1.25064,0,0.667435,0,0,0
55361_5,0,0,0,0,0,0,0,0.205649,0,0
81894_5,0,0,0,0,0,0,0,0,0,6.92871
1622_5,408.065,0,39.9827,0,0,0,0,62.644,504.11,506.415
6566_5,0,851.217,0,0,0.277097,0,0,0,20.2136,23.0667
9056_5,0,0,0,0,0,0,0,0,0,0
1836_5,0,0,0,0,1.58141,0,0,7.11011,0,0
25769_5,0,0,0,0,0,0,0,0,0,0
92370_5,0,13.0658,0,0,0,0,0,0,0,0
114_5,0,0,0,0,0,0,0,0,0,0
7363_5,0,0,0,0,0,0,0,0,0,0
132_5,0,6.31693,0,0,3.64869,0,0,0,0,1522.21
1633_5,0,0,0,0,0,0,0,0,0,0
9154_5,0,0,0,0,0,0,0,0,0,0
2528_5,0,30.9109,0,0,0,0,0,0,0,0
7381_5,302.257,46.7883,9.64884,18.0879,3.70689,21.9366,0,0,115.355,1090.15
9791_5,0,0,0,0,0,0,0,0,0,0
80201_5,0,0,0,0,0,0,0,0,0,0
3098_5,0,0,0,0,20.5329,0,0,0,0,0
1339_5,0,0,0,0,0,0,0,0,0,0
2585_5,0,0,0,0,0,0,0,22.4024,0,9.30504
93010_5,0,0,0,0,0,0,0,0,0,0
5147_5,0,0,0,0,0,9.42667,0,277.646,0,0
23057_5,0,0,0,0,0,0,0,0,0,0
491_5,0,0,0,0,0,0,0,0,0,0
6529_5,0,0,0,0,0,0,0,0,0,0
1376_5,0,0,0,3.53785,0,0,0,1.94146,0,0
6483_5,0,0,0,0,0,0,0.200901,0,0,0
197258_5,0.713101,2.52143,2.28656,0.795754,0,0.660221,0.770842,0,0,0
347734_5,0,3.31014,0,0,0,0,0,0,0,0
9162_5,0,0,0,0,0,0,0,0,0,0
10568_5,0,0,0,0,0,0,0,0,0,0
55229_5,0.383682,0,0,0,0,0,0,0,0,0
5051_5,0,0,0,0,0,0,0,0,0,0
2134_5,0,0,0,0,0,0,0,0,0,0
138639_5,0,0,0,0,0,0,0,0,24.3679,0
79623_5,0,0,0,0,0,0,0,0,0,0
3242_5,0,0,0,0,0,0,0,0,0,0
7498_5,0,0,0,0,0,0,0,0,0,0
64849_5,0,0,0,0,0,0,0,0,0,0
9334_5,0.175706,0,0,0,0.532966,0,0,0,3.77826,0
1358_5,0,0,0,0,0,0,0,0,0,0
93979_5,0,0,0,0,0,0,0,0,0,0
5207_5,0,0,0,0,0,0,0,0,0,0
212_5,0,0,0,0,0,0,0,0,0,0
137964_5,0,0,0,0,18.6793,0,3.60025,0,0,0
64600_5,0,0,0,0,0,0,0,0,0,0
978_5,0,0,0,0,0,0,0,0,0,0
8703_5,28.1937,9.27095,0,0,184.993,29.8467,0,0,34.3945,96.4686
4720_5,98.4262,2.44463,0,0,21.6541,1.00521,0,0,12.7299,0
115584_5,0,0,0,0,0,0,0,0,0,0
8867_5,0,0,0,0,0,0,0,0,0,0
2618_5,0,62.3106,0,0,0,0,0,98.3274,0,230.246
516_5,443.602,280.24,99.4136,0,0,0,0,0,148.221,286.736
873_5,0,0,0,0,0,0,0,0,0,25.4246
874_5,0,0,0,0,0,0,0,0,0,0
3141_5,0,5.06864,0,0,0,2.38708,0,0,0,0
51706_5,0,0,10.3757,0,0,0,5.33827,0,0,130.246
221223_5,0,0,0,0,0,0,0,0,0,0
3099_5,0.247518,24.3708,0,0,17.5693,0,0.53566,0,4.62882,5.47424
8659_5,0,0,0,0,0,0,0,0,0,0
1636_5,0,0,0,0,0,0,0,0,0,0
131669_5,0,0,0,0,0,0,0,0,0,0
1487_5,1.31042,58.8137,23.6326,87.6531,98.4805,9.25781,0,0,5.90643,11.9505
9114_5,0,94.2276,0,19.1845,0,0,0,0,0,0
4882_5,0,0,0,0,0,0,0,0,0,0
10020_5,0,136.058,0,0,0,0,0,0,0,0
54020_5,0,0,0,0,8.04018,0,0,0,0,0
5152_5,0,0,0,0,0,0,0,0,0,0
4731_5,0.549026,747.394,9.62599,0.214914,2.84643,0,0.974123,0,13.5213,3.72633
875_5,0,0,0,0,0,0,2.50112,0,0,0
2539_5,0,0,0,0,0,0,0,0,0,0
56894_5,0,0,0,0,0.852492,0,0,0,0,0
10841_5,0,0,0,0,0,0,0,0,0,0
4047_5,0,0,0,0,0,0,0,0,0,0
11182_5,0,0,0,0,0,0,0,0,0,0
30815_5,0,0,0,3.04619,19.3775,0,0,0,0,0
112724_5,0,0,1.27626,0,1.1528,0,0,0,0,0
125965_5,0,0,0,0,0,0,0,19.398,0,0
84814_5,0,0,0,0,0,0,0,0,0,0
80308_5,0,0,0,0,174.087,0,0,0,0,52.9281
2224_5,0,0,0,0,1.52131,0,0,0,0,0
1576_5,0,0.776379,0,0,0,0,0,0,0,0
1551_5,0,0,0,0,0,0,8.949,0,0,0
1584_5,0,0,0,0,0,0,0,0,0,0
3101_5,0,0,0,0,0,0,0,0,0,0
5130_5,0,0,0.114471,0,0,0,0,64.4125,0,0
622_5,0,12.192,0,0,1.35305,0,0,0,0,0
1346_5,0,0,0,0,0,0,0,0,0,0
51_5,0,0.243602,0,0,0,0,0,0,0,0
162417_5,0,0,0,0,0,0,0,0,0,0
113026_5,0,4.28687,0,0,61.7365,0.196688,0,0,0,0
362_5,0,0,0,0,0,0,0,0,0,0
117283_5,0,0,0,0,0,0,0,0,0,0
246_5,0,0,0,0,0,0,0,0,0,0
64711_5,0,0,0,0,0,0,0,0,0,0
51005_5,0,0,0,0,0,0,0,0,0,0
115_5,0,0,0,0,0,0,0,0,0,0
10825_5,0,0,0,522.506,355.947,0,0,0,0,0
80150_5,0,0,0,0,0,0,0,0,0,0
51727_5,31.6205,46.8626,0.169203,1.65142,642.272,2.9857,0,0,0,22.4001
6512_5,0,0,0,0,0,0,0,0,0,0
26027_5,0,0,0,0,4.5163,0.126628,0,0,0,0
8613_5,0,0,0,0,0,0,0,0,0,0
79707_5,0,10.275,0.586685,0,0,0,0,0,0,2.58638
205_5,0,0.480579,0,0,0,0,0,0,0,3.35019
9249_5,0,0,0,0,0,0,0,0,0,3.64971
249_5,0,0,0,0,0,0,0,0,0,0
8707_5,0,0,0,0,0,0,0,0,0,0
178_5,0,1.56118,0,0.0655786,0.0169248,0,0,0,0,0
2135_5,0,0,0,0,0,0,0,0,0,0
28982_5,0,0,0,0,0,0,0,0,0,0.968777
10380_5,0,8.82999,0,0,0,0,0.119503,0,0,0
51205_5,0,0,0,0,20.3569,0,0,0.0952783,0,0
23498_5,0,0,0,0,3.68983,0,0,0,0,0
148789_5,0,0,0,0,0,0,0,0,0,0
130367_5,0,0,0,0,0,0,0,0,0,0
27306_5,0,0,0,0,0,0,0,0,0,0
5161_5,0,0,0,0,0,0,0,0,0,0
132789_5,0,0,0,0,0,0.0839631,0,0,0,0
250_5,0,0,0,0,0,0,0,0,0,0
251_5,0,0,0,0,0,0,0,0,0,0
248_5,0,0,0,0,0,0,0,0,0,0
10654_5,0,43.0945,30.9548,0,0,0,0,0,0,0
56983_5,0,6.08321,76.4182,4.96803,0,69.2969,0.0732814,0,5.15623,0
476_5,0,1.2405,3.38078,0,29.85,0.356762,0,0,0,0
6565_5,0.814166,0,18.117,0,0,0,0,0.660651,0,0
79411_5,0,6.0964,0,0,0,0,0,0,0,0
201595_5,161.199,30.9529,0,0,14.186,107.965,103.856,236.794,0.802512,178.722
8802_5,79.3242,27.4706,0,0,17.8284,0,0,0,0.129908,0
6514_5,0,0,0,0,0,0,0,0,0,0
2168_5,0,0,0,0,0,0,0,0,0,0
1040_5,0,0,0,0,0,0,0,0,0,0
8833_5,0,16.017,0,0,0,0,0,0,0,0
11102_5,0,114.7,0,0,0,0,3.15771,0,0,0
64419_5,0,0,0,0,0,0,13.442,0,0,0
441024_5,0,0,0,0,0,1.15882,0,0,0,0
2992_5,0,0,0,0,0,0,0,0,30.986,0
54716_5,0,0,0,0,0,0,0,0,0,0
349565_5,0,0,0,0,0,0,0,0,0,0
7086_5,0,0,0,0,0,0,0.28879,0,0,6.65229
200931_5,0,0,0,0,0,0,0,0,0,0
54965_5,0,1.1438,0,0,0,0.781216,0,0.217503,0,0
166929_5,0,5.7716,0,0,33.509,0,2.27879,0,0,0
56898_5,0,0,0,0,0,0.366093,1.00098,0,39.5384,0
64850_5,0,0,0,0,0,0,0,0,0,0
9348_5,0,0,0,0,0,0,0,0,0,0
2982_5,0,0,0,0,0,0,0,0,36.6123,0
3248_5,19.3168,0,13.6896,0,0,0,0,0,0,0
79993_5,0,0,0,0,0,0,0,0,0,0
4724_5,0,204.243,0,0,0,0,0,0,0,0
493869_5,0,0,0,0,0,0,3.2044,0,0,0
133121_5,0,0,0,0,0,0,0,0,0,0
348932_5,0,0,0,0,0,0,0,0,0,0
23305_5,0,6.66931,5.05133,0.723866,0.800761,13.1813,0.932172,0.415711,0.0618583,0
27089_5,1165.64,3.61443,384.78,336.743,257.46,0,613.331,279.716,145.314,2031.86
10559_5,0,0,0,0,25.3494,0,0,0,28.2437,0
2173_5,0,0,0,0,0,0,0,0,0,0
221955_5,0,0,0,0,0,0,0,0,0,0
55568_5,0,0,0,0,0,14.0124,0,0.171288,0,0
222962_5,0,0,0,0,0,0,0,0,0,0
2171_5,0,112.214,0,0,0,0,0,0,0,14.6025
26266_5,0,0,0,0,0,0,0,0,0,0
5224_5,0,0,0,0,0,0,0,0,0,0
107_5,0,0,0,0,0,0,0,0,0,0
4846_5,0,0,0,0,0,0,0,0,0,0
761_5,0,0,0,0,0,0,0,0,0,0
6522_5,0,0,0,0,0,0,0,0,0,0
501_5,0,4.32353,0,0,0,0,0,0,0,0
1345_5,222.152,177.941,174.682,264.599,107.244,242.252,15.3915,111.513,1011.71,967.336
19_5,0,0,0,0,0,0,0,0,0,0
57094_5,0,0,0,0,0,0,0,0,0,0
216_5,0,0,0,0,0,0,0,0,0,0
2203_5,0,23.8222,30.1771,0,0.378856,0,0,0,0,4.40164
5277_5,0,0,0,0,0,0,0,0,0,468.125
4712_5,0,0,0,0,0,332.85,2.43736,0,433.03,11.9092
360_5,0,0,0,0,0,0,14.5069,0,0,0
84720_5,0,0,0,0,0,0,0,0,0,0
84889_5,0,0,0,0,0,0,0,0,0,0
283209_5,0,0,0,0,0,0,0,0,0,0
2350_5,0,0,0,0,0,0,0,0,0,0
3636_5,0,0,0,0,0,0,0,0,6.62281,0
158584_5,0,0,309.424,0,0,0,0,0,0,0
11164_5,0,0,0,0,0,0,0.0934255,0,0,261.496
509_5,481.744,129.481,84.2029,3.40327,22.1623,0,0,3.08546,22.0944,0
118881_5,0,0,0,7.42142,0,0,12.3339,0,0,0
6571_5,0,0,0,0,4.47813,0,0,0,0,0
64324_5,0,0,0,0,0,0,0,0,0,0.7425
10935_5,0,0,0.294525,0,181.683,0,170.849,199.848,0,112.245
23203_5,5.78498,0,0,0,0,0,0,0,0,0
3251_5,0,5.86281,4.00134,0.196722,3.25792,0,0,0,0,0
1557_5,0,0,0,0,0,0,0,0,0,0
9152_5,0,0,0,0,0,0,0,0,0,0
9200_5,0,0,0,0,0,0,0,0,0,0
3990_5,0,0,0,0,0,0,0,0,0,0
84706_5,0,0,0,0,0,0,0,0,0,0
4714_5,90.8708,77.39,0,0,67.0374,0,59.7331,0,427.567,605.11
1152_5,0,0,0,0,115.759,0,0,0,0,0
374569_5,0,0,0,0,0,0,0,0,0,0
8879_5,0,0,0,0,0,0.118389,0,0,0,1.00267
5092_5,0,0,151.001,0,0,0,0,5.32283,128.097,0
6609_5,0,0,0,0,0,0,0,0,0,81.2397
1200_5,0,0,59.4758,0,85.6431,0,89.4158,0,40.7494,0
80168_5,0,0,0,0,0,0,0,0,0,0
51700_5,0,0,0,0,0,0,0,0,0,0
3419_5,0,0,0,0,0,0,0,0,0,0
122618_5,0,0,0,0,0,0,0,0,0,0
8509_5,0,0,0,0.238838,0,0,0,0,0,0
7084_5,0,0,0,0,0,0,0,0,0.0906337,0
90701_5,2970.19,101.483,249.502,746.417,230.938,30.8818,486.212,1174.71,707.58,690.818
4837_5,0,0,0,0,0,0,0,0,72.3003,0
116285_5,0,0,0,0,0,0,0,0,0,0
3948_5,0,0,0,0,0,0,0,0,0,0
160287_5,0,0,0,0,0,1.92472,0,0,0,0
197257_5,0,0,0,0,0,0,0,0,0,0
290_5,0,0,0,0,0,0,0,0,53.1776,0
79837_5,0,32.6901,0,0,51.6329,0,0,0.719887,0,0
124872_5,0,0,0,0,0,0,0,0,0,0
138429_5,0,6.38036,0,0,0,0,0,0,0,0
10999_5,0,0,0,0,0,0,0,0,0,0
57171_5,0,0,0,0,0,0,0,0,0,0
54578_5,0,0,0,0,0,0,0,0,0,0
10229_5,0,0,0,0,8.72549,0,0,0,0,0
64174_5,0,0,0,0,0,0,0,0,0,0
10632_5,1864.27,28.0472,53.457,224.482,189.453,57.8331,875.306,25.0729,71.6232,972.579
4645_5,0,0.382679,0,0,3.75141,0,0,0,0,0
10449_5,0,0,0,0,0,0,0,0,90.7205,0
6240_5,0,0,0,0,0,30.8129,0,0,0,273.806
64122_5,0,0,0,0,0,0,0,0,0,0
4025_5,0,0,0,0,0,0,0,0,0,0
762_5,0,0,0,0,0,0,0,0,0,0
2879_5,414.527,0,881.459,0,122.116,0,0,0,57.1573,58.7156
4597_5,0,0,0,0,0,0,1.47037,0,0,0
3906_5,0,0,0,0,0,0,0,0,0,0
8085_5,0,1.29175,0,0,0,0,0,0,0,16.7203
359_5,0,0,0,0,0,0,0,0,0,0
2819_5,0,0,0,0,6.53752,0,0,0,0,0
29785_5,0,5.99576,0,0,0,0,0,0,0,0
2875_5,0,0,0,0,0,0,0,0,0,0
124935_5,0,1.14267,0.969962,0.181449,0.181799,1.22103,0.540609,0.257127,0,0
374875_5,0,0,0,0,0,0,0,0,0,0
124975_5,0,96.145,0,0,0,0,0,0,0,0
125981_5,0,0,0,0,0,0,0,0,0,0
8435_5,0,0,0,0,0,0,0,0,0,0
4723_5,0,0,0,0,7.92185,0,0,0,14.7203,25.6447
7001_5,324.023,0,361.669,0,1.0693,46.6368,0,0,48.5004,174.614
10476_5,17.6415,48.1195,0,53.4611,0.924012,16.0047,49.3634,0,331.968,646.121
146664_5,0,0,0,0,0,0,0,0,0,0
7083_5,0,0,0,0,0,0,0,0,0,19.5168
1581_5,0,0,0,0,0,0,0,0,0,0
1632_5,0,33.9836,0,0,0,0,0,0,0,49.7464
21_5,0,0,0,0,0,0,0,0,0,0
2495_5,118.542,913.165,82.5238,6.12203,58.8567,8.99953,30.1544,17.8294,151.883,192.242
6520_5,0,56.6691,0,0,258.098,8.1722,0,0,26.3523,0
956_5,0,0,0,0,0,0,0,0,0,0
55867_5,0,0,0,0,0,0,0,0,0,0
5049_5,0,0,0,0,1.63586,151.786,3.74999,0,0,1.39164
132158_5,0,0,0,0,0,0,0,0,0,0
5162_5,0,10.8379,0,0,0,204.986,0,0,50.6531,144.232
8309_5,0,0,0,0,0,0,0,0,0,0
123099_5,0,0,0,0,0,0,0,0,0,0
1841_5,0,0,0,0,0,0,0,0,0,0
6575_5,0,0,0,0,0,0,0,0,0,0
4725_5,363.739,38.1235,212.098,0,0,216.708,48.5967,0,222.509,915.206
10768_5,0,7.63643,3.64034,57.1695,0,0,0.847009,128.61,45.8244,65.181
766_5,0,0,0,0,0,0,0,0,0,0
9677_5,0,0,0,0,190.768,0,3.45353,0,0,0
4144_5,0,0.685766,0,0,10.8801,0,0,0,7.72821,0
3635_5,0,0,0,0,4.17949,0,0,0,0,11.3632
521_5,807.915,48.8563,78.4112,44.1688,192.677,50.4925,1470.98,778.902,0,354.274
7386_5,0,0,0,1.70324,0,0,0,0,0,0
293_5,0,0,25.8327,69.4462,0,18.1488,73.6519,2.54693,221.828,5.97082
113189_5,0,0,0,0,0,0,0,0,0,3.14382
126129_5,0,0,0,18.6779,0,0,0,0,0,0
11238_5,0,0,0,0,6.6823,0.39506,0,22.8233,8.61348,0
8706_5,0,0,0,0,0,0,0,0,0,0
55276_5,0,0,0,0,1.58655,0,0,0,0,67.1668
9197_5,1.39772,89.8836,4.41074,90.3484,75.2651,0.0599345,0,712.941,0,0
4881_5,0,0,0,0,0,0,0,0,0,0
284004_5,0,13.1249,0,0,0,0,0,0,0,0
10555_5,0,61.3635,0,0,8.82383,0,0,0,0,0
2194_5,0,0,0,0,0,0,0,0,0,0
51181_5,38.69,0,0,0,0,0,0,0,0,0
7360_5,0,0,0,0,0,0,0,137.378,0,15.4231
686_5,0,0,0,0,0,0,238.154,0,0,0
55454_5,0,0,119.265,0,11.318,0,0,0,0,0
2990_5,0,1.12934,0,348.37,0,0,0,0,0,0
140838_5,0,0,0,0,0,0,0,0,0,0
2172_5,0,148.139,0,0,0,0,0,0,0,0
2720_5,0,7.5488,0,0,158.69,0,0,0,0,0
10826_5,0,0,0,0,0,0,0,0,0.179988,0
2167_5,0,0,0,0,0,0,0,0,0,0
10678_5,0,0,0,0,0,0,0,0,77.7689,0
6419_5,0,0,0,0,0,0,0,0,0,0
7779_5,0,0,0,0,0,0,0,0,0,0
121214_5,0,0,0,0,0,0,0,0,0,0
9963_5,0,0,0,0,0,0,0,0,0,0
170712_5,0,0,0,0,0,0,0,0,0,0
79071_5,0,0,0,0,0,0,0,0,0,0
5209_5,0,0,0,0,0,0,0,0,0,0
98_5,0,0,0,62.9986,0,0,51.1953,0,0,0
195814_5,0,0,0,0,0,0,0,0,0,0
1056_5,0,0,0,0,0,0,0,0,0,0
5319_5,0,0,0,0,0,0,0,0,0,0
4696_5,350.399,607.918,0,247.282,79.9793,0,1063.16,0,166.981,37.7313
5232_5,0,0,0,0,0,0,0,0.417992,0,0
3037_5,0.205151,0,0,0,0,0,0,0,37.9097,0
90161_5,0,0,0,0,0,0,0,0,0,0
883_5,0,105.378,0,0,0,0,0,0,0,0
2525_5,0,0,0,0,0,0,0,0,0,0
64080_5,0,17.0705,0,0,0,0,0,0,0,0
7364_5,0,0,0,0,0,0,0,0,0,0
2548_5,0,0,0,0,0,0,0,0,0,0
124583_5,0,0,35.0695,0,1.99543,0,0,0,0,0
50515_5,28.9842,0,0,0,0,0,0,0,2.18143,0
5223_5,0,0,0,196.972,0,0,0,0,11.9191,23.8714
27115_5,0,0,0,0,0,0,0,0,0,0
2110_5,157.031,371.647,0,11.6289,0,0,0,0,0,592.982
5293_5,0,0,0,0,0,0,0,0,0,0
5053_5,0,0,0,0,0,0,0,0,0,0
2628_5,0,0,0,0,0,0,0,0,0,0
1503_5,0,0,0,0,0,0,0,0,0,0
6241_5,0,0,0,0,0,0,0,0,0,474.668
5728_5,0,124.413,0.0517495,133.874,0,0,0.453714,0.0717027,0,1.25977
361_5,0,0,0,0,0,0,0,0,0,0
57834_5,0,0,0,0,0,0,0.127238,0,0,0
126410_5,0,0,0,0,0,0,0,0,0,0
92483_5,0,0,0,0,0,0,0,0,0,0
10201_5,0,0,0,0,0,0,0,0,0,0
154141_5,0.635891,137.131,10.9414,0.413656,1.87667,22.8418,4.33183,1.32726,0.186478,0
7177_5,0,0,0,0,0,0,0,0,0,0
682_5,0.581245,5.5887,18.8156,240.68,0,0,0,8.29739,8.55266,0
253782_5,0,0,0,0,0,0,1.31807,0,0,0
55304_5,0,0,0,0,0,0,0,0,0,0
8708_5,0,3.11871,0.422312,0.0566379,0.060081,1.68897,0.214934,0,0.141364,0
669_5,0,0,0,0,0,0,0,0,71.9939,0
8801_5,0,23.084,0,0,4.29758,0,0,0.456593,0,0
55277_5,0,0,0,0,0,0,0.21045,0,0,0
10690_5,0,0,0,0,0,0.0334903,0,0,0,0
189_5,0,0,0,0,0,0,0,0,0,0
134526_5,0,0,0,0,0,0,0,0,0,0
57571_5,0,0,0,0,0,0,0,0,0,0
5139_5,0,0,0,0,0,0,0.031167,0,0,2.00769
84750_5,0,0,0,0,0,0,0,116.227,6.58682,0
283985_5,0,0,0,0,0,0,0,0,0,0
9420_5,0,0,0,0,0,0,0,0,32.8095,0
23491_5,0,1.67936,0,0,0,0,0,0,0,0
8824_5,0,19.4014,0,0,0,0,0,0,0,0
55191_5,1.29232,2.47861,0,165.033,6.82662,0,0,0,0,0
1717_5,0,0,0,0,0,0,0,0,0,0
9390_5,0,0,0,0,0,0,0,0,0,0
253558_5,0,1.04712,0,0,15.2543,0,0,0,0,0
130_5,0,0,0,0,0,0,0,0,0,0
27235_5,0,0,0,0,0,0,0,0,0,0
111_5,0,0,0,0,0,0,0,0,0,0
225_5,1.25455,0,0,0,0,0,0,0,0,0
2745_5,582.151,69.6897,26.5777,246.777,0.992613,0.614191,943.423,0,0,10.2638
144195_5,0,0,0,0,0,0,0,0,7.41422,0
29925_5,0,0,0,0,8.11178,0,13.3316,0.238454,0,3.68537
27284_5,0,1.18506,0.114069,0,0.0449027,0.536758,0.0982491,0.308485,0.0417493,0.804033
5091_5,0,0,0,0,0,0,0,0,0,0
10941_5,0,0,0,0,0,0,0,0,0,0
64802_5,0,0,0,0,0,0,0.606531,2.58565,0,0
6573_5,0,0,0,0,0,0,0,0,0,0
7388_5,189.007,537.985,15.3975,41.4077,194.607,0,378.857,0,195.843,836.538
1267_5,0,0,0,35.2128,0,0,0,0,0,6.77826
162466_5,0,0,0,0,0,0,0,0,0,0
54872_5,0,0,0,0,0,0,4.5428,0,0,0
112_5,0.127204,0,0,0,0,0.168497,0.110771,0,0,0
340024_5,0,0,0,0,0,0,0,0,0,0
115019_5,0,7.80023,0,0,0,0,0,0,0,0
7368_5,0,0.682186,0,0,0.0797789,1.8851,0.122424,0,0,0
6578_5,0,0,0,0,0,0,0,0,0,0
3177_5,0,0,0,0,0,0,0,0,0,0
11041_5,0,0,0,0,0,0,0,0,0,2.96946
277_5,0,0,0,0,0,0,0,0,0,0
126328_5,18.7758,20.7169,38.8789,921.97,422.379,728.964,79.2423,73.3373,152.157,0
81490_5,0,0,0,0,0,0,0,0,1.18681,0
2523_5,0,0,0,0,0,0,0,0,0,0
763_5,0,0,0,0,0,0,0,0,0,0
6580_5,0,0,0,0,0,0,0,0,0,0
9435_5,0,0,0,0,15.7442,0,0,0,0,0
28_5,0,0,0,0,0,0,0,0,0,0
8534_5,0,0,0,0,0,0,0,0,0,0
85007_5,1.68965,8.51037,0,0,29.7205,0,1.31104,132.942,12.9978,9.04867
4023_5,0,0,0,0,0,0,0,0,0,0
5406_5,0,0,0,0,0,0,0,0,0,0
7352_5,0,0,0,0,0,0,0,0,0,0
7351_5,0,0,0,0,0,0,3.92435,0,0,0
146712_5,0,0,0,87.1791,0,0,0,0,0,0
126792_5,0,0,0,0,0,0,0,0,40.1973,0
9807_5,0,0,20.2249,0,13.9174,0,0,108.717,0.0866044,0
2877_5,0,1756.45,0,0,686.78,0,0,0,0,35.2061
8877_5,0,0,0,0,0,0,0,0,0,0
1351_5,70.0756,0,207.74,0,0,0,44.3903,0,0,215.246
79369_5,0,0,0,0,0,0,0,0,0,0
3291_5,0,18.8245,0,0,0,0,0,0,0,0
28232_5,0,0,0,0,0,0,0,1.29589,0,34.5065
84002_5,0,0,0,0,0,0,0,0,0,2.1818
7298_5,0,0,0,0,0,0,0,0,0,0
2524_5,0,12.1551,0,0,0,0,0,0,0,4.3834
51301_5,0,0,0,0,0,0,0,0,0,0
6470_5,0,0,0,0,0,0,0,0,0,37.3271
4524_5,0,0,0,0,0,0,0,2.58507,7.22246,0
340485_5,0,0,0,0,0,0,0,0,0,0
6888_5,0,0,0,0,1.31223,0,109.21,33.4966,0,164.149
374907_5,0,0,0,0,0,0,0,0,0,0
122970_5,0,0,0,0,9.07194,0,0,0,0,0
79751_5,0,0,0,0,0,0,0.652715,0,0,0
2629_5,0,0,0,0,79.5345,483.301,0,534.639,0,161.962
28976_5,0.405184,0,0,0,0,0,0,0,0,0
57104_5,0,0,0,0,0,0,1.42688,0,0,0
3615_5,0,17.8593,0,0,40.2102,0,0,0,0,0
4729_5,18.0926,0,1.92087,63.5599,9.3794,0,0,0,0,1.48269
63917_5,0,0,0,0,0,0,0,0,0,0
2731_5,0,0,0,0,0,0,0,0,0,0
788_5,0,0,0,0,0,0,0,0,61.4414,0
767_5,0,0,0,0,0,0,0,0,0,0
9377_5,0,119.193,22.6895,0,10.1783,0,2.93419,145.841,0,434.706
4351_5,0,0,0.231456,0,0,0,0,0,0,0
26873_5,0,0,0,0,0,0,0,0,0,0
5198_5,0,0,0,0,0,0,0,0,0,13.6032
1537_5,0,14.2186,0,0,0,0,0,0,0,0
1585_5,0,0,0,0,0,0,0,0,0,0
2517_5,0,0,6.76025,9.97721,0,0,0,0,0,0
246213_5,0,0,0,0,0,0,0,0,0,0
247_5,0,0,0,0,0,0,0,0,0,0
201164_5,0,0,0,0,0,0,0,0,0,0
51268_5,0,14.9929,0,0,0,0,0,0,0,0
10331_5,0,0,0,0,88.916,0,0,0,0,0
79077_5,0,0,0,0,0,0,0,0,0,0
284273_5,0,0,0,0,0,4.47075,0,0,0,0
7054_5,0,0,0,0,0,0,0,0,0,0
389015_5,0,39.8526,0.713039,0.759335,6.0099,43.2809,7.13833,10.5549,5.10863,18.3532
1582_5,0,0,0,0,0,0,0,0,0,0
2529_5,0,0,0,0,0,0,0,0,0,0
146802_5,0,14.9216,0,0,0,0,0,0,0,0
166012_5,0,0,0,0,0,0,0,0,0,0
120103_5,0,0,0,0,0,0,5.22473,0,0,0
5464_5,0,26.3353,0,0,186.598,139.861,0.998046,0,0,481.298
1728_5,0,0,0,0,0,0,0,0,0,76.4467
284129_5,0,0,0,0,0,0,0,0,0,0
79813_5,0,98.2251,0,0,18.8775,0,0,821.088,0,0
6448_5,0,0,0,0,0,0,0,0,0,0
29072_5,0,3.45807,0,1.20406,0.956213,0.648379,0.117072,0,0,1.3792
55343_5,0,11.9699,0,0,1.75574,0,0,0,0,0
6517_5,0,0,0,0,0,0,1.58801,0,0,0
94033_5,0,0,0,0,0,0,0,0,0,0
84890_5,0,0,0,0,0,0,0,0,0,0
25834_5,0,0,0,0,0,0,0,0,0,0
3418_5,0,17.1281,0.972718,0,1.21276,0,0,0,0,4.45002
339221_5,0,0,0,21.1296,0,0,0,0,0,0
2131_5,0,0,0,0,2.18498,0,0,0,0,0
6472_5,2.60834,0,91.7406,0,0,0,0,0,103.262,8.27572
124637_5,0,0,0,0,0,0,0,0,0,124.392
338707_5,0,0,0,0,0,0,0,0,0,0
8513_5,0,0,0,0,0,0,0,0,0,0
55256_5,0,0,0,0,1.87621,0,0.0651988,0,0,22.835
9951_5,0,0,0,0,0,0,0,0,0,0
23236_5,0,0,0,0,0,0,0,0,0,0
79087_5,0,0.707579,0,0,0,0,0,0,0,0
50614_5,0,0,0,0,0,0,0,0,0,0
2747_5,0,0,0,0,0,0,0,0,0,0
83733_5,0,1.19109,0,0,0,0.893605,0,0,0,0
5831_5,0,0,0,0,0,0,0,0,0,0
6546_5,0,0.0724224,0,0,1.05456,0,0,0,69.6043,0
89874_5,0,0,0,0,0,0,0,0,0,0
18_5,0,0,0,0,0,0,0,0,0,0
1468_5,0,0,0,0,0,0,0,0,0,0
125061_5,0,9.41842,0.551771,0.907577,0,0,20.7662,0,0,0
4166_5,0,0,0,0,0,0,0,0,0,0
266740_5,0,0,0,0,0,0,0,0,0,0
54988_5,0,0,0,0,0,0,0,0,0,0
4707_5,20.5742,224.433,0,0,13.6808,11.754,0,0,464.629,420.362
7378_5,0,0,0,0,0,0,0,0,0,0
123876_5,0,0,0,0,0,0,0,0,0,0
390928_5,0,0,0,0,0,0,0,0,0,0
10317_5,0,2.00484,0.0512392,0,0,0,1.00317,0,0,0
100288072_5,0,0,0,2.53281,0,0,0,0,0,0
387893_5,0,379.719,0,0,0,0,0,0,0,1.9369
256435_5,0,0,0,0,0,0,0,0,0,0
29796_5,153.604,30.1063,0,6.27573,92.5222,7.18456,205.313,0,0.339392,279.378
220074_5,0,0,0,0,0.20485,0,0,0,0,0
641371_5,0,0,0,0,0,0,0,0,0,0
220_5,0,0,0,0,0,0,0,0,82.3091,0
8398_5,0,15.8511,0,0,0,0,0,0,0,0
10587_5,0,0,0,0,0,0,0,0,0,0
5142_5,5.54679,0,44.8482,2.78991,0,0,1.25723,0.159515,2.49952,33.837
55967_5,0,0,125.101,0,206.312,209.826,5.33229,0,474.771,38.247
93517_5,0,0,0,0,0,0,0,0,0,0
4700_5,79.3569,417.469,0,52.8977,0.973065,0,0,0,105.918,508.768
387775_5,0,0,0,0,0,0,0,0,0,0
8694_5,0,110.319,2.74578,0,0,0,0,0,0,0
93034_5,0,0,0,0,0,0,0,0,0,0
377677_5,0,0,0,0,0,0,0,0,0,0
57419_5,0,0,0,0,0,0,0,0,0,0
122622_5,0,0,0,0,0,0,0,0,0,0
27124_5,0,0,0,0,0,0,0,0,0,0
23545_5,0,0,0,0,0,0.10426,1.17909,0,0,0
266722_5,0,0,0,0,0,0,0,0,0,0
64754_5,0,0,0,0,0,0,0,0,0,0
5148_5,0,0,0,0,0,0,0,0,0,0
79581_5,0,0,0,0,0,0,0,0,0,10.8888
51227_5,205.276,52.5082,0,0,1.51921,0,0.0676256,0,0,0
5833_5,0,0,0,0,0,0,0,0,0,0
79896_5,0,0,0,0,0,0,0,0,0,0
527_5,0,4.39463,4.87452,0,2.97359,0,0,0,0,0
55217_5,0,0,0,0,0,0,0,0,0,0
496_5,0,0,0,0,0,0,0,0,0,0
51079_5,16.8717,635.282,313.362,488.031,384.711,0,448.467,0,802.904,76.7685
23396_5,0,0,0,0,1.03133,0,0,0,0,0
8529_5,0,0,0,0,0,0,0,0,0,0
51741_5,0,77.073,0,0,0,0,23.7807,23.6807,0,0
199974_5,0,0,0,0,0,0,0,0.412633,0,0
123264_5,0,0,0,0,0,0,0,0,0,0
66002_5,0,0,0,0,0,0,0,0,0,0
153201_5,0,0,0,0,0,0,0,0,0,0
260293_5,0,0,0,0,0,0,0,0,0,0
11283_5,0,0,0,0,0,0,0,0,0,0
4051_5,0,0,0,0,0,0,0,0,0,0
5138_5,0,0,0,0,0,0,0,0,0,0
8372_5,0,0,0,0,0,0,0,0,0,0
5407_5,0,0,0,0,0,0,0,0,0,0
1579_5,0,0,0,0,0,0,0,0,0,0
5333_5,0,0,0,0,0,0,0,0,0,0
957_5,0,0.322272,0,0.0640923,0,0,0,0,0.696123,0
1645_5,0,0,0,0,0,0,0,0,0,0
2650_5,0,0,0,0,0.148541,0,0,0,0,0
3767_5,0,0,0,0,0,0,0,0,0,0
341947_5,0,0,0,0,0,0,0,0,0,0
145173_5,0,0,0,0,0,0.138918,0,0,0,0
6572_5,0,0,0,0,0,0,0,0,0,0
278_5,0,0,0,0,0,0,0,0,0,0
124_5,0,0,0,0,0,0,0,0,0,0
123745_5,0,0,0,0,0,0,0,0,0,0
5320_5,0,0,0,0,0,0,0,0,0,0
123688_5,0,0,0,0,0,0,0,0,0,0
10991_5,0,0,0,0,0,0,0,0,0,0
56624_5,0,0.192524,0,0,0,0,0,0.0746357,0,0
1806_5,0,0,0,0,0,0,0,0,0,1.31995
169355_5,0,0,0,0,0,0,0,0,0,0
57835_5,0,0,0,0,0,0,0,0.127755,0,0
7390_5,0,0,267.346,0,0,0,0,0,0,0
30814_5,0,0,0,0,0,0,0,0,0,0
377841_5,0,0,0,0,0,0,0,0,0,0
9045_5,415.133,805.435,842.828,73.0091,1189.28,957.809,390.933,1714.72,501.172,728.967
401494_5,0,0,0,0,0,0.0679091,0.746776,0,0,103.635
4697_5,788.566,75.7024,14.1048,11.8593,26.3163,5.62165,36.1093,39.699,81.5816,32.5754
4128_5,0,0,0,0,11.0436,0.350301,0.84665,0,0,1.45729
200810_5,0,0,0,0,0,0,0,0,0,0
8644_5,0,0,0,0,0.357667,0,0,0,0,0
36_5,0,0,0,0,0,0,0,0,0,0
131_5,0,0,0,0,0,0,0,0,0,0
2526_5,0,7.09684,0,0,0,0,0,0,0,0
438_5,0,0,0,0,0,0,0,0,0,0
2712_5,0,0,0,0,0,0,0,0,0,0
6817_5,0,0,0,0,0,0,0.129606,0,0,0
27010_5,0,0,0,0,0,0.126991,0,0,0,0
6536_5,0,0,0,0,0,0,0,0,0,0
125_5,0,0,0,0,0,0,0,0,0,0
7366_5,0,0,0,0,0,0,0,0,0,0
2760_5,0,0,0,0,0,0,0,0,3.76503,0
100_5,0,22.0904,0,0,0,0,0,0,0,0
170384_5,0,0,10.6902,0,0,0,0,0,5.18496,3.87345
123096_5,0,0,0,0,0,0,2.46131,0,0,0
80055_5,0,16.8836,0.0349703,0.568957,0.0249665,0.150438,0.0308134,0,0,0
51703_5,0,0,0,0.680678,0,0,0,0,0,0
6799_5,0,0,0,0,0,0,0,0,0,0
6583_5,0,0,0,0,0,0,0,0,0,0
9583_5,0,12.1116,0.112034,0,0,7.45479,0,63.7424,0,5.89274
155184_5,0,0,0,0,0,0,0,0,0,0
64499_5,0,0,0,0,0,0,0,0,0,0
91373_5,0,142.118,0,0,0,6.75214,0.250264,0,0,0
6584_5,0,26.5126,0,0,0,1.05951,0,0,0,1.83043
1735_5,0,0,0,0,0,0,0,0,0,0
1555_5,0,0,0,0,0,0,0,0,0,0
646486_5,0,0,0,0,0,0,0,0,0,0
1572_5,0,0,0,0,0,36.6257,0,0,0,0
81031_5,0,0,0,0,0,0,0,0,0,0
64078_5,0,0.354746,0,0,0,0,0,0,0,0
23556_5,0,0,0,0,0,0,1.94554,0,2.11775,0
955_5,0,0,0,0,5.01432,0,0,0,0,0
5167_5,0,0,0,0,0,0.215293,0,0,0,1.9124
6120_5,0,0,0,0,0,0,0,0,0.0707302,0
5660_5,0.263943,1.74945,289.373,0.172435,175.49,2.07629,0,0,43.2753,10.4262
23315_5,0,0,0,0,0,0.618558,0,0,0.185969,0
1553_5,0,0,0,0,0,0,0,0,0,0
8733_5,0,4.11461,0,0,0,0,0,0,0,0
7367_5,0,0,0,0,4.00214,0,0,0,0,0
116085_5,0,0,0,0,0,0,0,0,0,0
128_5,0,0,43.2416,0,0.481538,0.633391,0,0,202.826,0
9356_5,0,0,0,0,0,0,0,0,0,0
5336_5,0,0,0,441.745,0,1.29335,0,0,0,394.675
54898_5,0,0,0,0,0,0.169129,0,0,0,0
57016_5,0,0,0,0,0,0,0,0,0,0
1549_5,0,0,0,0,0,0,0,0,0,0
127_5,0,0,0,0,0,0,0,0,0,0
337876_5,0,0,0,0,0,0,0,0,2.04856,0
26275_5,0,0,4.51913,0,189.838,0,0,0,0,1073.63
51170_5,0,0,19.6782,0,60.2622,0,0,0,0,0
6819_5,0,0,0,0,26.3822,0,0,0,0,0
55315_5,0,0,77.2828,0,0,0,0,0,0,0
54963_5,0,0,0,32.8736,0,0,0,0,0,0
2673_5,0,2.07318,65.6152,0.0595777,9.29368,1.14366,0.0515844,0,0,20.4401
10724_5,1.51288,7.70902,240.655,89.1761,24.0338,0,1.95198,0,0.403799,1.14742
7296_5,0.457727,0,0,0,0,0,0.701594,0,0,0
192134_5,0,0,0,0,0,0,0,0,0,0
142680_5,0,0,0,0,0,0,0,0,0,0
1109_5,0,0,0,0,0,0,0,0,0,0
6898_5,0,0,0,0,0,0,0,0,0,0
9060_5,0,75.294,0,0,0,0,0,0,0,0
24_5,0,0,0,0,0,0,0,0,0,0
4541_5,5556.27,4066.17,191.712,731.997,1171.33,649.915,548.554,80.78,7.92547,5006.41
257202_5,0,0,0,0,0,0,0,0,0,0
4513_5,18673.2,57312.1,4197,20913.6,17869.1,26946.3,5440.93,14343.1,4898.54,15966
10455_5,0,13.343,0,0.353322,1.53738,0,83.1727,0,0,0
4519_5,4225.1,20331.2,1076.12,8948.88,13032.8,5470.46,4344.47,390.832,1716.75,6537.78
6526_5,14.9393,54.7442,0,58.4548,43.256,0,3.32467,0,0,95.7531
64064_5,0,0,0,0,0,0,0,0,0,0
4536_5,7177.45,19552.3,2280.96,8690.59,8615.47,3257.47,674.771,2676.24,983.872,10645.6
4540_5,2157.04,4447.38,136.776,1194.1,910.793,808.444,284.623,91.7276,83.5858,4796.54
4512_5,609.522,16689.6,1101.09,1550.43,9431.74,1869.64,2827.58,2401.36,893.028,9824.3
4860_5,0,0,0,90.991,19.8575,0,0,0,0,72.1842
2710_5,0,0.783744,0,0,0,0,0,0,0,0
22876_5,0,0,0,0,0,0,0,0,0,0
4537_5,2790.47,7384.19,638.956,1386.44,4458.36,1151.92,497.847,1423.37,446.554,574.698
1066_5,0,0,0,0,0,0,0,0,0,0
4538_5,15701.1,31132,567.731,9047.42,13647.4,12342.4,1393.23,1617.54,1425.93,27006.7
4535_5,3157.94,15578.6,731.105,1332.48,8564,1519.01,1775.12,1488.18,772.682,11966
353_5,7.32909,0,144.184,0,84.865,22.1598,7.09264,5.02514,0,0
4514_5,8433.59,35968.7,138.464,10031.9,10951,4959.53,5272.78,1103.3,959.984,18874
4668_5,0,0,0,0,0,0,0,0,0,0
259230_5,0,0,0,0,0,0,0,0,0,0
8528_5,0,0,0,0,0,0,0,0,0,0
196051_5,0,0,0,0,0,0,0,0,0,0
119548_5,0,0,0,0,0,0,0,0,0,0
3283_5,0,0,0,0,0,0.466261,0,0,0,0
3284_5,0,0,0,0,0,0,0,0,0,0
360203_5,0,0,0,0,0,0,0,0,0,0
3633_5,0,0,0,0,0,0.481888,0,0,0.064903,0
129807_5,0,0,0,0,0,0,0,0,0,0
7923_5,8.84196,0,0,0,0,0,11.4849,0,0,0
10554_5,0,2.97567,0,0,0,0,0,0,1.28088,0
6392_5,18.238,0,0,0,0,0,0,0,46.8546,21.4848
10919_5,0,4.51902,0,0,0,0,0,0,20.4759,0
4758_5,898.156,0,0,0,0,0,11.139,0,0,0
84912_5,0,0,0,0,0,0,0,0,0,0
646480_5,0,0,0,0,0,0,0,0,0,0
5150_5,0,4.89911,0,0,0,0,0,0,0,0
152586_5,0,0,0,0,0,0,0,0,0,0
56953_5,0,0,0,0,0,0,0,0,0,0
1375_5,0,0,0,0,0,0,0,0,0,0
641372_5,0,0,0,0,0,0,0,0,0,0
253017_5,0,0,0,0,0,0,0,0,0,0
344967_5,0,0,0,0,0,0,0,0,0,0
403313_5,0,0,0,0,0,0,0,0,0,0
57194_5,0,0,0,0,0,1.82789,0,0,0,0
201562_5,3.81636,0,0,0,0,0,0,7.36442,0,0
2878_5,0,0,0,0,0,0,0,0,212.97,0
1734_5,0,0,0,0,0,0,0,0,0,0
1733_5,0,0,0,0,0,0,0,0,0,0
22908_5,0,0,0,0,0.706777,0,0,230.375,0,0
4539_5,5293.7,18131.3,869.029,2873.65,4925.6,2415.41,700.62,54.2097,1196.67,8275.14
4056_5,0,0,0,0,0,0,0,0,0,0
2946_5,0,0,0,224.475,24.1206,3.63368,0,0,0,0
3931_5,0,0,0,0,0,0,0,0,0,0
3073_5,36.7624,0,5.77928,0,0,38.7981,0,424.927,0,33.2654
4722_5,0,15.9524,733.279,0,2.59183,0,0,0,352.096,0
10720_5,0,0,0,0,0,0,0,0,0,0
534_5,0,0,0,0,0,0,0,0,0,0
145553_5,0,0,0,0,0,0,0,0,39.3148,0
2592_5,0,249.585,0,0,137.498,0,0,0,0,0
2595_5,0,0,0,0,0,0,3.24984,0,0,14.1828
386757_5,0,0,0,0,0,0,0,0,0,0
341392_5,0,0,0,0,0,0,0,0,0,0
3995_5,0,0,0,0,0,0,0.717904,0,0,0
9374_5,0,3.42261,0,0,0,0,0,0,0,0
548596_5,0,0,0,0,12.5335,0,0,0,0,0
10715_5,0,0,0,0,0,0,0,0,0,0
2880_5,0,0,0,0,0,0,0,0,0,0
65010_5,0,0,0,0,0,0,0,0,0,0
441282_5,0,0,0,0,0,0,0,0,0,0
1719_5,0,0,0,0,0,0,0,0,34.4013,0
221823_5,0,0,0,0,0,0,0,0,0,0
286016_5,0,0,0,45.7521,0,0,0,0,0,0
1589_5,0,0,0,0,0,0,0,0,0,0
2876_5,420.676,0,169.204,0,520.391,0,54.933,0,14.4948,11.7493
8705_5,0,0,0,0,0,0,0,0,0,0
84752_5,0,0,0,0,0,17.995,0,0,0,0
1159_5,0,0,0,0,5.2463,0,0,0,0,0
276_5,0,0,0,0,0,0,0,0,0,0
4830_5,188.623,5.14673,0,225.867,223.17,0,0,809.913,77.5449,258.181
158_5,0,0,0,0,0,0,0,0,0,0
280_5,0,0,0,0,0,0,0,0,0,0
84129_5,0,0,0,6.88002,0,0,0,0,0,0
358_5,0,0,0,0,0,0,0,0,0,0
57665_5,0,0,0,0,0,0,0,0,0,0
257068_5,0,172.844,0,0,0,0,0,0,0,0
54600_5,0,0,0,0,0,0,0,0,0,0
57026_5,0,0,0,0,0,0,0,0,0,0
9551_5,293.524,81.2095,175.087,50.1612,70.7721,0,0,0,240.09,855.891
54658_5,0,0,0,0,0,0,0,0,0,0
539_5,1088.99,30.7032,187.043,170.798,0,0,41.1867,15.5704,0,2746.04
23761_5,0,31.1015,0,0,0,0,0,0,0,0
5297_5,0,53.3906,0,0,0,0,0,0,14.0729,0
23600_5,0,0,0,0,0,0,0,0,0,0
54576_5,0,0,0,0,0,0,0,0,0,0
54575_5,0,0,0,0,0,0,0,0,0,0
26063_5,0,4.46123,0,0,0,0,0,0,0,0
279_5,0,0,0,0,0,0,0,0,0,0
4831_5,0,39.6873,0,7.60591,554.498,0,92.6339,520.265,946.338,1395.15
100137049_5,0,0,0,0,0,0,0,0,0,0
95_5,0,0,0,0,0,0,0,0,0,0
54577_5,0,0,0,0,0,0,0,0,0,0
54657_5,0,0,0,0,0,0,0,0,0,0
91179_5,0,0,0,0,0,0,0,0,0,0
100287639_5,0,0,0,0,0,0,0,0,0,0
593_5,0,0,0,7.39787,0,0,0,0,121.997,0
126_5,0,61.1405,0,0,64.083,0,0,0,0,0
267020_5,0,0,0,0,0,0,0,0,0,0
222537_5,0,0,0,0,0,0,0,0,0,0
90423_5,0,0,0,0,3.50631,0,0,0,0,0
100526794_5,0,0,0,0,0,0,0,0,0,0
58510_5,0,0,0,0,0,0,0,0,0,0
644974_5,0,0,0,0,0,0,0,0,0,0
8790_5,0,0,0,0,0,0,0,0,0,0
1548_5,0,0,0,0,0,0,0,0,0,0
3145_5,0,0,0,0,100.342,1.31088,389.576,0,0,14.5368
160728_5,0,0,0,0,0,1.59721,0,0,0,0
8972_5,0,0,0,0,0,0,0,0,0,0
8693_5,0,0.564633,0.0488996,0.00506865,0,0,0,0,0,0
79178_5,0,0,0,0,0,0,0,0,0,0
6818_5,0,3.33188,0,0,0,0,0,0,0,0
4701_5,180.933,43.5016,27.3352,0,0,531.62,0,0,92.3342,79.5912
9757_5,0,0,0,0,0,0,0,0,0,0
