Var1,Gene_matrix1,Gene_matrix2,Gene_matrix3,Gene_matrix4,Gene_matrix5
0,0,0,1,0,1
100,1,0,1,0,1
10005,1,1,1,0,1
10007,0,0,1,1,0
100137049,1,0,1,0,1
10020,1,1,0,0,0
10026,1,0,1,1,1
100287639,0,0,1,0,1
100288072,0,1,0,0,1
10050,0,0,0,1,1
100507855,0,1,0,1,0
100526794,1,0,0,0,1
10057,1,1,0,1,1
10058,0,0,1,1,0
10060,1,0,1,1,0
10087,1,1,0,1,1
10090,1,1,0,1,0
10135,0,1,0,1,1
10157,1,0,0,0,1
10164,1,0,0,0,1
10165,0,1,1,0,0
10166,1,1,0,1,1
10170,0,1,0,1,1
10201,1,1,0,0,1
10202,0,1,1,0,1
10229,1,1,0,1,1
10246,1,1,0,0,0
10249,0,0,1,1,0
10257,1,1,0,0,1
102724197,0,1,1,0,0
102724560,1,1,1,0,0
10312,0,1,1,1,1
10317,1,1,1,1,1
10327,1,1,1,1,1
10331,1,0,1,0,0
10351,1,1,0,1,0
1036,1,1,0,1,0
10380,1,1,1,0,1
10390,1,0,1,0,1
10396,1,0,0,0,1
1040,1,0,1,1,0
10400,1,1,1,0,1
10402,1,0,1,1,0
10423,1,1,1,1,1
10449,0,1,0,1,0
10455,0,1,1,0,0
10476,1,1,1,1,1
10478,0,0,0,1,1
10553,1,0,1,1,0
10554,1,0,0,1,1
10555,0,0,1,0,1
10558,0,0,1,1,0
10559,0,1,1,1,1
1056,1,1,1,0,1
10560,0,0,0,1,1
10568,0,0,1,1,0
10587,0,1,0,1,0
10588,1,1,0,0,0
10599,1,0,1,1,1
10606,1,1,1,0,0
10610,0,1,0,1,1
10632,1,0,1,0,1
10654,1,0,0,0,1
1066,0,1,0,1,1
10678,1,1,0,1,1
10682,0,1,0,1,0
10690,1,0,0,1,0
107,0,1,1,1,1
10715,0,1,0,1,0
10720,0,1,0,1,1
10723,1,0,1,0,1
10724,1,1,0,0,0
10728,1,0,1,0,1
10768,1,1,1,0,0
10786,1,0,0,0,1
10797,1,0,1,0,1
108,1,1,1,0,1
1080,1,0,0,1,0
10825,1,1,1,0,0
10826,0,1,0,1,1
10840,1,0,0,1,1
10841,1,1,1,1,1
10846,0,1,1,0,0
10858,0,1,1,0,0
10861,1,1,1,1,1
10864,1,0,1,0,0
10870,0,1,1,0,1
10873,1,0,0,1,1
109,0,1,1,1,1
10901,0,1,0,1,0
10919,1,0,0,1,0
10928,1,1,0,0,0
10935,1,1,1,1,1
10941,1,0,1,0,0
10948,1,1,0,0,1
10965,0,0,0,1,1
10975,0,1,1,0,0
10991,1,1,0,1,1
10993,1,1,1,0,0
10998,0,1,1,1,1
10999,0,0,1,1,1
11000,1,1,0,0,1
11001,0,1,1,1,0
1103,1,1,1,1,1
11041,1,1,0,0,1
11046,1,1,0,1,0
1109,0,1,1,1,0
111,0,0,1,1,1
11102,1,1,0,1,0
11112,1,1,0,0,0
11136,1,1,0,1,1
11164,1,1,0,0,1
1118,1,0,0,1,1
11181,1,0,0,1,1
11182,1,0,0,1,0
1119,1,1,0,1,1
112,1,1,1,1,1
1120,1,0,1,1,1
11212,1,0,1,1,0
11226,1,0,1,1,0
11227,1,0,1,0,1
11238,1,1,1,0,1
112483,0,1,1,0,0
11254,1,0,0,1,1
112611,1,1,0,1,0
112724,1,0,1,0,0
11283,0,1,1,1,1
11285,1,1,0,1,0
113,1,1,1,1,0
113026,0,0,1,0,1
11309,0,1,1,0,1
113189,1,1,0,0,1
113235,1,0,0,0,1
113278,1,0,1,0,1
11332,0,0,1,1,1
11343,0,1,1,1,1
113451,1,0,1,1,1
113612,1,1,0,1,0
113675,0,0,1,1,0
114,1,1,0,1,1
114134,1,0,1,1,0
114571,1,0,1,0,0
114805,0,1,1,0,1
114971,1,0,1,1,1
115,1,1,0,1,0
115019,1,1,0,0,1
115111,1,1,0,1,1
1152,1,1,1,0,1
115286,1,1,1,1,1
1155,0,1,0,0,1
115584,0,1,1,1,0
1158,1,1,1,1,0
1159,0,1,1,1,1
1160,1,0,1,1,1
116085,0,1,0,1,1
116255,0,1,1,0,1
116285,0,0,1,1,1
116369,1,1,1,1,1
117247,1,0,0,0,1
117248,0,1,0,1,1
117283,1,1,0,0,0
1178,1,1,1,0,1
118881,1,1,0,0,0
119548,1,0,1,0,1
1200,1,1,0,0,0
120103,0,0,1,0,1
1208,1,0,1,0,1
121214,1,0,0,1,0
121278,1,1,1,0,0
1215,0,1,1,0,0
122481,1,1,0,1,0
122618,0,0,1,0,1
122622,1,1,1,1,1
122970,0,0,1,1,0
123041,0,1,0,1,1
123096,0,1,0,1,0
123099,1,1,0,1,0
123264,1,0,0,1,0
123688,1,0,1,0,1
123745,1,1,0,0,1
123876,0,1,1,0,1
124,0,0,1,1,0
1244,1,1,0,1,1
124583,0,0,1,0,1
124637,1,1,0,0,1
124872,1,0,0,1,0
124935,0,1,1,0,1
124975,0,0,0,1,1
125,0,1,1,0,0
125061,0,1,1,1,0
125206,1,0,1,0,1
125965,1,0,1,0,1
125981,0,0,0,1,1
126,1,0,0,0,1
126129,1,1,0,0,1
126328,0,1,0,1,1
126410,0,0,1,0,1
1267,0,1,1,0,0
126792,1,0,1,0,1
127,1,1,0,0,0
127124,1,1,1,1,0
128,1,1,0,0,0
128869,0,1,1,0,1
129607,0,0,0,1,1
129642,1,1,0,0,1
129807,0,1,1,0,1
13,0,1,0,0,1
130,1,0,0,0,1
130013,1,0,1,1,0
130367,0,0,1,1,0
130752,1,1,1,0,0
131,0,0,0,1,1
1312,0,0,1,1,1
131669,1,0,0,0,1
132,1,1,1,0,1
132158,0,1,1,0,1
1327,0,0,1,0,1
132789,0,1,1,0,0
1329,0,1,0,1,0
133121,0,1,0,0,1
1337,1,1,0,1,0
1339,1,1,0,1,0
1340,0,1,0,1,1
1345,0,1,1,0,1
134526,1,0,1,0,1
1346,1,0,1,1,0
1347,1,0,1,0,0
1349,1,0,1,0,1
1350,1,0,1,0,0
1351,0,1,0,0,1
135152,1,0,1,1,0
1356,0,1,1,0,0
1357,0,0,1,1,0
1358,0,0,0,1,1
1371,1,0,1,0,0
1373,1,1,1,1,1
1374,1,1,1,0,0
1375,1,1,1,1,1
1376,0,0,1,1,1
137872,0,1,1,0,0
137902,1,0,0,1,0
137964,1,0,0,1,0
1384,1,1,1,1,1
138429,1,0,1,1,0
138639,1,0,1,1,0
139596,1,1,0,0,0
140679,1,1,1,0,1
140687,0,1,0,0,1
140838,1,1,0,1,0
142680,1,1,0,0,1
1431,1,1,1,1,1
144193,1,1,0,0,1
144195,1,0,1,0,0
145173,0,1,0,0,1
145226,0,1,0,1,0
145553,1,0,1,0,1
146664,0,1,0,0,1
146712,1,0,1,0,0
1468,0,0,1,1,1
146802,0,1,1,0,1
1487,1,0,1,0,0
148789,1,0,1,0,0
1491,1,1,1,1,1
15,1,0,1,0,1
1503,0,1,0,1,0
151531,1,0,1,0,1
152586,0,1,0,0,1
153201,1,1,1,0,0
1537,1,0,0,0,1
154091,0,0,1,0,1
154141,1,1,0,0,0
1543,0,1,1,1,0
1544,1,0,0,0,1
1545,0,0,0,1,1
1548,0,0,1,1,1
1549,1,1,0,0,0
1551,1,1,0,0,0
155184,0,1,1,1,0
1553,0,1,1,1,0
1555,1,0,0,0,1
1557,1,1,1,0,0
1558,1,1,1,0,1
1559,0,1,1,1,0
1562,1,0,0,1,1
1565,0,0,0,1,1
1571,0,1,0,1,1
1572,1,0,0,0,1
1573,0,1,1,0,0
157506,0,1,0,0,1
1576,1,0,1,1,1
1577,1,0,0,0,1
1579,1,1,0,0,1
158,1,1,1,1,0
1580,0,0,0,1,1
1581,0,0,1,1,1
158160,1,1,0,0,1
1582,0,1,1,1,0
1583,0,1,1,1,1
1584,1,0,1,1,1
1585,1,1,0,1,1
158584,1,0,1,0,1
1586,1,1,1,0,1
1588,1,1,1,1,1
1589,1,1,0,0,1
159,1,0,1,0,1
1591,1,1,0,0,1
1593,1,1,1,0,0
1594,1,1,1,0,0
1595,0,1,1,0,0
159963,1,0,1,1,0
160287,1,0,0,0,1
160428,1,1,0,0,1
1606,0,0,1,1,0
1607,1,1,0,0,1
160728,0,0,1,0,1
1608,0,0,0,1,1
160851,0,0,1,1,1
1609,0,0,1,1,0
1610,1,0,0,0,1
1621,0,1,1,0,1
1622,1,0,1,1,0
162417,1,0,0,1,0
162466,1,0,1,1,0
1629,1,1,0,0,1
1632,1,1,0,0,0
1633,0,0,1,1,0
163404,1,0,1,1,0
1635,0,1,1,0,0
1636,1,0,0,1,1
1638,1,0,0,1,1
1644,0,0,0,1,1
1645,1,1,1,0,0
1646,0,1,1,0,1
166012,0,1,1,1,0
1666,0,1,0,0,1
166785,1,0,1,1,1
166929,1,0,1,1,0
168391,0,1,1,1,0
169355,0,0,1,1,1
170384,0,0,1,0,1
170712,0,1,1,0,1
171425,1,1,0,0,1
1716,1,1,1,1,1
1717,1,0,0,1,1
1718,0,1,1,1,0
1719,0,0,1,1,1
1723,1,1,0,1,0
1727,1,0,1,0,0
1728,0,1,1,0,0
1733,1,0,0,1,1
1734,0,0,1,1,1
1735,0,1,1,0,1
1737,0,1,1,0,0
1738,1,1,0,0,0
1743,0,0,1,1,0
175,1,0,1,0,0
1757,0,0,1,1,0
178,1,1,1,1,1
18,1,1,1,0,0
1800,0,0,1,0,1
1806,0,1,0,1,0
1807,0,1,1,0,1
1808,0,1,0,1,1
1809,1,0,1,1,0
1811,1,1,1,1,0
1836,0,1,1,1,1
1841,1,0,1,0,0
1854,0,1,0,0,1
189,0,0,1,1,1
1890,1,0,1,1,0
1891,1,1,0,0,1
1892,0,0,1,0,1
19,1,1,1,0,0
191,1,0,0,0,1
192134,1,0,1,1,0
192286,0,1,0,1,1
195814,1,0,0,1,0
196051,0,1,0,0,1
1962,1,1,1,0,0
196883,1,0,1,0,1
197257,1,1,0,1,1
197258,1,1,1,0,0
199974,0,0,1,1,0
200010,1,1,0,1,0
200576,1,1,1,1,1
200810,1,0,1,0,0
200931,0,1,0,0,1
201164,1,0,0,1,0
201288,1,0,1,1,0
201562,0,1,1,0,1
201595,0,0,1,0,1
2023,0,0,1,0,1
2026,1,0,1,0,0
2027,1,1,0,1,1
203,0,1,1,0,1
2030,1,0,0,1,1
204,1,1,1,1,1
204219,0,1,0,0,1
205,1,1,1,1,1
2053,1,0,0,1,1
206358,0,1,1,0,1
2098,1,1,0,0,0
21,0,1,1,0,1
210,1,1,1,1,0
2108,0,0,1,1,1
2109,1,1,1,1,1
211,1,1,1,0,1
2110,1,1,0,0,1
212,0,0,1,1,1
2131,0,1,0,1,1
2132,1,1,1,1,1
2134,1,0,1,1,0
2135,0,1,1,0,1
2137,1,1,0,1,0
215,1,1,0,0,1
216,1,0,1,1,1
2167,1,1,0,1,0
2168,0,1,1,0,0
2169,0,1,1,0,1
217,1,1,1,1,0
2170,1,1,0,1,0
2171,0,1,0,1,1
2172,1,0,1,0,1
2173,1,0,1,1,0
218,1,1,0,0,0
2180,0,1,1,1,0
2181,1,1,1,1,1
2182,1,1,1,1,0
2184,0,1,0,0,1
219,1,1,1,0,1
2194,1,1,1,0,0
220,0,0,1,1,0
220074,1,1,0,1,0
2203,1,1,1,0,0
221,0,0,0,1,1
221223,0,1,1,0,1
221823,1,1,1,1,0
221955,0,1,0,1,1
222,0,1,1,0,0
2222,1,0,1,0,1
2224,1,0,0,1,0
222537,1,1,0,0,1
222962,1,0,1,0,1
223,0,1,1,1,1
2235,0,1,1,1,1
224,1,0,1,1,1
225,0,1,0,1,1
226,1,1,1,1,1
2271,1,0,1,0,0
22856,1,1,0,0,1
22876,0,1,1,0,1
229,0,1,1,1,0
22908,0,1,0,1,1
22934,0,1,0,1,1
22978,1,0,0,0,0
230,1,0,0,1,1
23007,1,1,0,1,0
23057,1,1,1,1,1
23067,1,1,0,0,0
231,0,1,1,1,1
23169,1,0,1,0,1
23175,0,0,1,0,1
23203,1,1,0,1,0
23205,1,1,0,0,1
23236,1,1,1,0,1
23250,0,1,1,0,0
23262,0,1,0,0,1
23305,1,1,1,0,0
23315,1,0,0,1,0
23371,1,1,0,0,1
23396,1,1,1,1,0
23417,0,0,1,1,1
23428,1,1,1,1,1
23430,0,0,0,1,1
23439,1,1,0,0,0
23443,1,0,0,0,1
23464,1,0,0,1,1
23475,1,0,1,0,1
23478,0,0,1,0,1
2348,1,1,1,1,1
23491,1,0,1,1,0
23498,0,0,0,1,1
2350,1,1,0,1,0
2352,0,0,1,0,1
23530,1,1,1,1,1
23533,0,1,0,1,0
23539,0,0,1,1,1
23545,1,1,0,1,1
23556,1,1,1,1,1
2356,1,0,0,1,1
23563,0,1,1,1,1
23600,1,1,1,1,1
23632,0,1,0,1,0
23646,0,1,0,1,0
23657,1,0,1,1,0
23743,1,1,1,1,0
23761,1,1,0,0,0
239,0,1,1,1,1
24,1,0,1,1,0
240,1,1,1,0,1
245972,1,0,1,1,0
245973,1,1,0,1,0
246,1,1,0,1,1
246213,1,0,1,0,0
247,1,0,1,1,1
248,0,0,0,1,1
249,1,0,1,1,0
2495,0,0,0,1,1
250,0,1,0,1,0
251,0,0,1,0,1
2512,0,0,1,1,0
2517,1,0,0,1,0
2519,0,0,1,1,1
2523,0,1,0,1,0
2524,1,0,1,1,0
2525,0,0,1,0,1
2526,0,1,0,1,0
2527,0,1,0,1,1
2528,1,0,1,0,1
2529,0,0,1,0,1
253017,0,1,0,1,0
2531,0,0,1,1,0
253558,0,1,1,0,0
253782,1,0,1,0,0
2538,1,1,0,0,1
2539,1,0,1,0,1
2542,1,1,0,1,0
2548,1,1,0,0,1
256435,1,0,1,0,1
257068,0,1,0,1,1
2571,1,1,1,1,1
2572,1,1,0,0,0
257202,1,0,0,1,0
25769,1,0,1,0,0
25796,0,1,1,0,0
2581,0,1,1,0,1
2582,1,1,0,1,1
2583,1,0,1,0,1
25830,1,1,1,0,0
25834,0,1,0,1,0
2584,0,0,0,1,1
2585,1,1,0,0,1
25874,0,0,0,1,1
2588,1,0,1,0,1
2589,1,0,0,1,1
2590,0,1,1,0,1
25902,1,1,1,0,0
2591,1,1,1,1,0
2592,1,1,1,1,1
259230,0,0,1,1,1
2593,1,1,1,1,1
259307,0,0,0,1,1
2595,0,1,0,1,1
2597,1,1,0,1,0
26,0,1,1,1,0
26002,1,0,0,1,0
26007,0,1,0,1,1
26027,0,1,1,0,0
260293,0,0,0,1,1
26035,0,1,1,0,1
26061,1,1,1,0,0
26062,0,0,1,1,1
26063,1,0,0,1,0
2618,1,1,0,1,1
262,1,1,0,1,1
26227,0,0,1,1,0
26229,1,0,1,0,1
26266,1,1,1,0,0
26275,0,0,0,1,1
26279,0,1,1,0,0
2628,1,0,1,0,0
26289,1,1,1,1,1
2629,1,1,1,1,1
26290,0,1,1,1,0
26301,0,1,0,1,0
2632,0,1,0,1,1
26330,0,1,1,0,1
2639,1,0,1,1,1
2643,1,1,0,0,1
2645,1,1,1,0,1
2650,1,1,0,1,0
26503,1,0,1,0,1
2651,1,0,0,1,1
2653,0,0,1,1,1
266722,1,0,1,0,1
266740,1,0,1,0,1
267020,1,1,0,0,0
2673,1,0,1,1,0
2678,1,1,1,1,1
2679,1,1,0,1,1
2683,0,0,1,0,1
2686,0,0,1,1,0
2687,0,1,1,1,1
26873,1,1,0,1,1
270,1,1,0,1,1
27010,1,0,1,0,0
27034,0,1,1,0,1
27068,1,1,1,1,1
27087,0,1,1,1,1
27089,1,1,0,0,0
27090,1,1,0,1,0
271,1,1,1,1,1
2710,0,1,1,0,1
27109,0,1,1,0,0
27115,1,0,0,0,1
2712,1,0,0,1,0
27124,1,1,1,1,1
2713,1,0,1,0,0
27159,1,1,1,1,1
27165,1,1,0,1,1
2717,1,0,1,1,0
272,1,1,1,1,0
2720,0,1,0,1,1
27232,1,0,1,0,0
27235,1,1,0,1,0
27284,1,1,0,0,1
2729,1,1,0,1,0
2730,0,1,1,0,1
27306,1,0,0,0,1
2731,0,1,1,1,0
2739,1,1,1,0,0
27430,1,1,1,1,1
2744,0,1,1,0,1
2745,1,1,0,0,0
2746,0,1,0,1,1
2747,1,0,1,1,0
275,1,1,1,0,0
2752,1,0,1,0,0
276,1,1,1,1,1
2760,0,0,1,1,0
2762,1,0,0,1,1
2766,1,1,0,1,0
277,0,1,1,1,1
278,1,1,1,0,0
279,1,1,1,1,0
2799,1,0,0,1,1
28,1,1,0,1,0
280,1,1,0,0,1
2805,1,0,1,1,0
2806,0,1,0,1,1
2819,0,0,1,1,0
2820,0,1,0,0,1
2821,0,0,1,0,1
28231,0,0,1,1,1
28232,1,1,1,0,0
28234,1,1,1,1,0
283208,1,0,0,0,1
283209,1,1,0,1,0
283358,0,0,1,0,1
283985,0,0,1,0,1
284004,0,1,1,0,1
284098,0,0,1,0,1
284111,0,0,1,1,0
284129,0,0,1,1,0
284273,1,1,1,0,1
285440,1,0,1,0,1
286016,0,0,1,0,1
286297,0,0,1,1,0
286410,0,0,1,1,0
2875,1,1,1,1,0
2876,1,1,1,1,1
2877,1,1,0,0,1
2878,0,0,1,0,1
2879,1,0,1,0,0
2880,1,1,0,0,1
2882,0,1,0,0,1
28965,1,0,1,0,1
28972,0,1,0,0,1
28976,1,0,1,1,0
28982,0,0,1,0,1
290,1,0,0,1,1
29072,1,0,1,0,0
29085,0,0,1,1,0
291,1,0,0,1,0
29124,1,1,1,1,0
292,1,0,1,0,0
293,0,1,0,0,1
2936,0,1,1,1,0
2937,1,0,1,0,1
2944,1,1,1,0,1
2946,0,0,1,1,0
2954,1,1,1,1,1
2974,0,1,1,1,1
2977,1,0,1,1,1
2978,0,0,1,0,1
29785,1,0,0,0,1
29796,1,1,1,1,0
2982,1,1,1,1,0
2983,1,1,0,1,1
2984,1,1,1,0,1
2986,1,0,1,1,1
2987,1,1,0,0,1
29880,0,1,1,0,0
29881,1,0,1,0,1
2990,1,0,1,0,1
29906,0,1,0,1,1
2992,1,1,1,1,0
29920,1,0,0,0,1
29922,1,1,1,1,0
29925,1,0,1,0,1
29926,0,1,0,1,1
29956,1,0,0,1,0
29958,0,1,0,0,1
29968,1,1,1,1,1
2997,1,1,1,1,0
2998,1,1,0,0,1
29988,1,1,0,0,1
30,0,1,0,0,1
3000,0,1,1,1,1
30061,0,1,1,0,0
3028,1,0,1,0,1
3029,0,1,0,1,0
3030,0,0,1,0,1
3032,1,0,1,0,0
3033,1,1,0,1,0
3034,1,0,0,1,0
3036,1,0,1,1,0
3037,1,0,1,0,1
3038,0,1,1,1,1
3067,0,1,1,0,0
3069,1,0,1,1,0
3073,1,0,0,1,1
3074,1,1,0,0,1
3081,1,0,1,0,1
30814,0,0,0,1,1
30815,1,1,0,1,0
30833,1,1,1,0,0
3098,1,1,1,1,1
3099,1,1,1,0,0
31,1,1,1,1,1
3101,1,1,0,1,0
314,1,0,1,1,1
3141,1,1,0,1,1
3145,1,1,0,1,0
3155,1,0,0,1,1
3156,0,0,0,1,1
3157,1,1,1,1,0
3158,0,0,1,1,1
316,1,0,1,0,0
3162,1,1,1,0,0
3163,0,1,1,1,0
3176,0,1,1,0,0
3177,1,1,0,1,0
32,1,0,1,0,0
3242,1,0,0,0,1
3248,0,1,1,0,1
3251,1,1,0,0,0
3283,0,1,0,1,1
3284,1,0,1,0,1
3290,1,1,1,1,1
3291,1,1,0,1,1
3292,1,1,1,0,1
3293,0,1,1,0,1
3294,0,1,1,0,1
3295,0,1,1,1,1
33,1,1,0,1,0
3340,1,0,1,1,0
337876,1,1,1,0,0
338707,1,0,0,1,0
339221,1,0,0,1,1
34,1,1,1,0,0
340024,1,0,1,1,1
340485,1,1,0,0,0
340811,0,0,1,0,1
341392,0,1,1,1,0
3417,0,1,1,0,1
3418,1,0,1,1,0
3419,1,0,1,0,0
341947,1,0,0,1,0
3420,1,1,0,1,1
3421,1,0,1,1,1
3422,1,0,1,0,1
3423,1,1,1,1,0
3425,0,1,0,1,1
343,1,1,1,1,0
344967,0,0,1,1,1
345274,1,0,1,1,0
347734,1,1,0,0,1
348158,1,0,1,0,1
348932,0,1,0,1,0
349565,1,0,0,0,1
35,1,0,1,0,1
353,0,1,1,0,0
358,1,0,0,1,0
359,0,1,0,1,1
36,1,1,0,1,1
360,0,1,0,1,1
360203,1,0,0,1,0
361,0,1,0,0,1
3612,0,1,1,0,1
3613,1,0,1,1,0
3614,1,1,1,0,1
3615,1,1,0,1,0
362,1,0,1,0,1
3620,1,1,0,0,1
3628,1,0,0,1,0
3631,1,1,1,1,1
3632,0,0,1,0,1
3633,1,1,1,0,0
3635,1,1,1,1,0
3636,0,1,1,1,0
364,1,0,1,0,1
3658,1,0,1,0,1
366,1,1,1,0,0
37,1,0,1,0,1
3703,1,0,1,0,0
3704,1,1,1,0,1
3705,0,1,1,0,1
3706,0,1,0,0,1
3707,0,1,0,1,1
3712,0,1,0,1,1
374291,1,0,1,1,0
374462,1,0,1,0,1
374569,1,0,1,0,0
374875,0,0,1,0,1
374907,1,1,0,1,0
375056,0,1,0,0,1
3764,1,1,0,1,0
376497,1,1,1,1,1
3767,0,1,0,1,1
377677,0,0,0,1,1
377841,0,0,1,0,1
3795,1,1,1,1,0
38,0,1,0,0,1
383,0,1,0,0,1
384,1,1,1,0,1
386757,1,0,1,0,1
387775,1,0,0,1,0
387893,0,1,0,1,0
389015,1,1,1,0,0
39,1,0,0,1,0
3906,0,1,0,1,1
390928,1,0,0,0,1
3930,1,1,0,1,0
3931,0,0,1,0,1
3938,1,0,1,0,0
3939,0,0,1,0,1
3945,0,1,0,1,0
3948,1,1,0,0,1
3988,1,0,1,0,1
3990,1,1,0,1,1
3991,0,0,1,0,1
3992,0,1,1,1,0
3995,1,0,0,1,0
401494,1,1,0,1,0
4017,1,0,0,1,1
4023,1,0,1,1,1
4025,0,0,1,1,1
403313,1,0,1,1,0
4047,1,0,1,1,1
4048,0,1,1,1,0
4051,1,0,0,1,1
4056,1,1,1,1,1
410,1,1,1,0,1
411,1,1,0,0,1
412,1,0,1,0,1
4125,1,0,1,0,0
4126,1,1,0,1,0
4128,1,0,0,0,1
4129,1,1,0,0,0
4143,1,1,0,0,0
4144,0,0,1,1,1
4166,1,1,0,0,0
4190,1,1,1,0,0
4191,1,1,0,0,1
4199,0,0,1,1,1
4200,0,1,1,1,0
4249,1,0,1,0,0
4258,1,1,1,0,0
4259,1,0,0,1,1
427,1,1,1,1,1
4284,1,0,1,0,0
4297,0,0,1,1,0
43,1,1,1,0,1
4329,0,0,1,0,1
435,0,0,1,0,1
4351,0,1,0,1,0
4353,1,1,1,0,0
4357,1,0,0,1,1
4363,0,1,0,1,0
438,1,0,1,1,0
440,1,1,1,1,1
441024,1,0,0,1,1
441282,1,0,0,1,0
443,0,1,1,0,1
445,1,1,1,1,1
4507,0,1,0,1,1
4512,0,1,0,1,0
4513,1,0,1,1,0
4514,1,1,0,1,0
4519,1,0,0,0,1
4522,0,1,1,1,0
4524,1,0,0,0,1
4535,1,0,1,0,0
4536,1,0,1,1,0
4537,1,0,1,0,1
4538,0,1,0,1,1
4539,0,1,0,1,1
4540,0,1,0,0,1
4541,1,0,1,1,0
4548,1,1,0,0,1
4594,1,1,0,1,0
4597,0,1,0,0,1
4598,1,1,1,0,1
4645,0,1,1,0,1
4668,0,1,0,1,1
4669,1,1,0,1,0
4694,0,1,1,0,1
4695,0,1,0,1,1
4696,1,1,0,1,0
4697,1,0,1,0,1
4698,1,0,1,1,0
47,1,1,1,1,1
4700,1,0,1,0,1
4701,1,1,0,1,0
4702,1,0,1,0,0
4704,1,0,1,1,0
4705,0,1,1,0,1
4706,0,0,1,0,1
4707,1,0,1,0,1
4708,0,1,0,0,1
4709,0,1,1,0,1
471,0,1,0,1,0
4710,1,0,1,1,0
4711,1,0,1,0,1
4712,1,0,1,0,1
4713,0,1,1,0,1
4714,0,1,1,0,1
4715,0,1,1,0,1
4716,0,1,0,1,1
4717,1,1,0,1,0
4718,1,0,1,0,1
4719,0,1,0,1,1
4720,1,0,1,1,0
4722,0,1,1,0,1
4723,0,1,1,0,1
4724,1,1,0,1,0
4725,1,0,1,1,0
4726,0,1,0,1,1
4728,0,1,0,1,1
4729,1,0,0,1,0
4731,0,1,0,1,0
4758,1,1,0,1,0
4759,1,1,0,0,1
476,0,0,1,1,0
477,1,0,0,0,1
478,0,1,0,1,1
48,1,0,1,1,1
480,0,0,0,1,1
481,1,0,1,1,0
482,1,0,0,0,1
483,0,1,1,0,0
4830,1,0,1,1,1
4831,0,0,1,0,1
4832,0,1,0,1,0
4833,1,0,0,1,1
4837,1,0,1,0,1
4842,0,1,0,1,1
4843,1,1,1,1,1
4846,0,1,1,0,1
4860,1,0,1,1,0
4864,0,1,0,1,1
4881,1,1,1,1,0
4882,1,1,1,1,1
4891,1,1,0,0,0
490,1,1,1,1,0
4905,1,1,0,1,0
4907,1,0,0,1,1
491,1,1,1,0,1
492,1,1,0,1,1
493,0,1,1,1,1
493869,0,1,1,0,1
4942,1,1,1,0,1
495,0,0,1,1,0
4952,1,0,1,1,1
4953,1,0,0,0,1
496,1,0,0,1,1
4967,1,0,0,1,1
498,1,1,1,1,1
50,0,1,1,1,1
5009,0,1,1,1,0
501,1,1,1,0,1
5019,0,0,1,1,1
5033,0,0,0,1,1
5048,0,0,1,1,1
50484,1,1,0,1,0
50487,1,0,0,1,1
5049,1,1,1,0,0
5050,0,1,1,1,0
50506,1,1,0,1,1
5051,1,1,0,0,1
50515,1,1,1,0,0
5052,1,1,1,1,1
5053,1,1,1,1,0
506,1,1,0,0,1
50614,0,1,0,0,1
50617,1,1,1,1,1
50700,1,1,1,0,0
50808,1,0,1,0,1
50814,1,1,1,1,0
509,1,1,1,0,1
5091,1,1,1,1,1
5092,1,1,1,1,1
50940,1,1,0,0,0
51,1,1,1,1,1
51004,1,1,1,1,1
51005,1,0,1,0,0
51022,0,1,1,1,0
5105,1,1,0,0,0
51056,0,0,1,1,0
5106,0,1,1,0,0
51071,1,0,1,0,0
51079,1,1,0,1,0
51086,1,0,0,1,1
51099,1,0,0,1,1
51102,0,1,0,1,1
51109,0,0,1,0,1
51111,1,1,0,0,0
51144,1,1,1,0,0
51146,1,0,1,0,1
51166,1,1,1,1,0
51170,0,1,1,1,0
51171,1,1,0,1,0
51179,1,1,0,1,1
51181,1,0,1,1,0
51196,0,1,1,0,1
51205,1,1,1,1,0
51227,1,1,1,1,1
51228,1,1,0,1,0
51251,0,0,1,0,0
51268,0,1,1,1,1
51292,1,0,1,0,1
513,1,1,1,0,1
5130,0,1,0,1,1
51301,0,1,1,0,1
51302,1,1,0,0,0
51312,1,0,0,0,1
5136,0,1,1,1,1
5137,0,1,1,0,0
5138,1,1,0,0,0
51380,0,0,0,1,1
51382,1,0,1,1,0
5139,0,0,1,1,1
514,1,1,0,1,0
5140,1,0,0,1,1
5141,1,0,0,0,1
5142,1,0,0,1,1
5143,1,0,1,0,1
5144,0,0,1,1,0
51447,1,1,1,1,1
5145,1,0,0,0,1
51458,0,0,0,1,1
5146,0,0,1,1,0
5147,1,1,0,0,0
51477,1,0,1,0,1
51478,1,0,1,1,0
5148,0,1,1,0,0
5149,0,1,1,0,0
51495,1,0,1,1,0
51496,0,1,0,1,1
515,1,1,1,0,0
5150,1,1,0,1,0
5151,1,1,1,1,1
5152,1,1,1,1,1
5153,1,1,1,0,0
51557,0,1,0,1,0
51559,1,1,1,0,0
5158,1,1,0,0,0
516,1,1,1,1,1
5160,0,0,1,1,0
51604,0,1,0,1,1
51606,1,1,1,1,1
5161,1,0,0,0,1
5162,1,1,0,0,0
51660,0,0,1,1,0
5167,1,0,0,1,1
5168,0,1,1,0,1
5169,1,1,0,0,1
517,1,1,1,0,1
51700,1,0,1,0,0
51703,1,0,0,1,1
51706,0,1,0,1,0
5172,0,1,1,1,1
51727,0,0,1,1,0
51733,1,1,0,1,1
51741,0,1,0,1,0
518,1,1,1,1,1
51805,1,1,1,1,0
51809,1,0,1,1,0
5184,1,0,0,0,1
5198,0,0,0,1,1
52,1,1,1,1,1
5205,1,0,0,0,1
5207,0,0,1,1,1
5208,1,1,0,0,1
5209,1,0,0,1,1
521,1,0,0,1,1
5210,0,1,1,1,0
5211,1,1,1,0,0
5213,0,0,1,1,0
5214,1,1,0,0,0
522,1,1,1,1,1
5223,1,0,1,0,0
5224,0,1,1,1,1
5226,0,1,0,0,1
523,0,1,1,0,1
5230,1,0,0,1,0
5232,1,0,1,0,0
5236,0,1,0,1,1
5238,0,1,0,1,0
5243,0,0,0,1,1
5244,1,1,1,1,1
525,0,1,1,0,1
5251,0,1,1,1,0
526,1,0,1,0,1
5264,0,1,1,1,1
527,1,1,0,1,0
5277,1,1,1,1,1
5279,1,1,0,1,1
528,1,1,1,1,1
5281,1,1,1,1,1
5283,1,0,1,1,1
5286,1,1,1,1,0
5287,1,1,1,0,1
5288,0,1,1,1,1
5289,1,0,1,0,1
529,1,0,1,0,1
5290,0,1,1,1,0
5291,1,1,1,1,0
5293,1,0,1,1,1
5294,1,0,1,0,0
5295,1,1,1,1,1
5296,1,1,1,0,0
5297,1,1,0,1,1
5298,1,1,1,0,1
53,0,1,0,1,0
5305,1,0,1,1,1
5313,1,1,0,1,1
5315,1,1,1,0,1
5319,1,1,0,0,0
5320,1,0,1,0,1
5321,1,1,0,1,1
5322,1,0,1,1,0
533,1,0,1,0,1
5330,1,0,1,0,0
5331,1,0,1,0,1
5332,1,1,1,1,1
5333,1,0,1,1,0
5334,0,1,1,0,1
5335,1,1,0,1,0
53354,1,1,1,1,1
5336,1,0,1,0,0
5337,0,1,1,0,1
5338,1,1,0,1,0
534,1,1,1,1,1
535,1,1,1,0,1
53630,0,1,1,1,1
5372,1,1,0,1,0
5373,0,1,1,0,1
539,1,0,0,1,1
53905,1,1,1,1,1
53919,1,0,0,1,1
53947,0,1,0,1,1
54,0,1,1,0,1
54020,1,0,0,1,1
5406,1,1,0,1,0
5407,0,1,0,1,1
5408,1,0,1,0,1
5409,1,1,0,1,0
54187,0,1,0,1,1
54363,0,0,1,0,1
54407,0,1,1,1,0
5446,1,0,0,1,0
54480,1,0,1,1,0
54490,0,1,1,0,1
54511,1,1,0,0,1
54539,1,0,0,1,0
54575,1,0,1,1,0
54576,0,1,1,0,1
54577,0,1,0,1,1
54578,0,1,0,1,1
54579,1,0,1,0,1
54600,1,1,0,1,0
5464,1,0,1,0,1
54657,1,0,1,0,1
54658,0,1,1,0,1
54659,1,0,1,1,0
54675,1,1,1,1,0
54677,1,0,1,0,1
54682,0,0,1,1,1
5471,1,1,0,0,0
54716,0,1,1,1,0
5476,1,0,1,1,0
548596,1,1,0,1,1
54872,1,1,1,1,0
54898,1,0,0,1,1
549,1,0,0,1,1
54904,0,1,0,0,1
54963,1,0,1,1,0
54965,1,1,1,0,0
5498,0,0,1,1,1
54981,1,1,0,1,0
54988,1,1,0,1,0
54995,1,0,0,0,1
55,1,0,1,1,1
55065,1,0,1,0,1
55066,0,1,1,0,0
55089,1,1,1,1,0
55163,0,0,0,1,1
55191,1,1,0,1,0
55217,0,1,0,1,1
55224,0,1,1,1,0
55229,1,1,0,0,0
55244,1,1,0,1,0
55256,0,0,1,1,0
55268,1,0,0,0,1
55276,1,0,1,0,1
55277,0,1,1,0,1
55293,1,0,1,0,0
55304,1,0,0,0,1
55312,0,1,1,0,1
55315,1,0,0,1,1
55326,0,0,1,1,1
55331,1,0,0,0,1
55343,1,1,0,0,1
55349,0,1,1,0,1
55350,1,1,1,0,1
55361,1,0,1,1,1
5538,1,0,0,0,1
55454,0,1,1,0,1
55500,1,1,1,0,0
55501,0,0,1,1,1
55512,0,1,1,1,1
55568,1,1,0,1,0
55577,1,0,1,0,0
55586,0,1,1,0,1
55613,0,0,0,1,1
55624,0,1,0,0,1
55627,1,1,0,0,1
55650,0,1,1,1,1
55748,0,1,0,0,1
55750,1,0,1,0,0
55757,1,0,1,0,0
55790,1,1,0,1,0
55808,1,1,0,1,0
55811,1,1,1,1,0
55825,1,0,1,1,0
55830,1,0,0,1,0
55856,1,0,0,0,1
55867,1,0,1,1,0
55870,0,1,1,0,0
55902,1,1,1,0,1
55904,0,0,1,1,1
55907,1,0,1,1,1
55967,1,1,0,1,0
5625,0,0,0,1,1
56261,0,1,0,1,1
56301,1,1,1,0,0
5631,0,0,1,0,1
5634,0,1,0,0,1
56474,0,0,1,0,1
56548,0,1,0,1,1
5660,0,1,1,0,0
56606,0,1,0,1,1
56623,0,1,1,1,0
56624,0,0,1,0,1
56848,1,0,0,1,1
56886,0,1,0,1,0
56894,1,1,1,1,0
56895,1,1,0,0,1
56898,0,1,0,1,0
56913,1,1,0,1,0
56922,1,1,1,0,0
56953,0,0,1,1,1
56954,0,0,1,1,0
56983,0,1,0,1,0
56994,1,1,0,1,0
570,1,0,1,1,1
57016,0,0,1,0,1
57026,0,1,1,0,1
57030,0,1,0,1,0
57084,0,1,0,0,1
57094,1,0,0,0,1
57104,0,1,1,0,1
57127,1,1,0,0,1
57171,0,1,0,0,1
57194,1,1,1,0,0
57198,1,1,0,0,0
5723,1,1,0,1,0
5728,1,0,1,1,1
57282,1,1,0,1,0
5730,0,0,0,1,1
57379,1,0,1,0,1
57393,1,1,0,1,1
5740,0,1,1,0,0
57419,0,0,1,0,1
5742,1,1,1,1,0
5743,1,1,1,0,1
57468,0,1,0,0,1
57571,0,1,1,0,1
57665,1,1,0,0,1
57678,0,1,0,1,0
57704,0,0,0,1,1
57818,1,1,0,1,0
57834,1,1,0,0,0
57835,1,1,1,1,1
5805,1,0,0,0,1
5825,1,1,1,0,0
5831,1,0,1,1,1
5832,1,0,1,0,0
5833,0,0,0,1,1
5834,1,0,0,1,0
5836,1,0,1,1,0
5837,0,1,0,0,1
58478,0,1,1,0,0
58508,1,0,0,1,1
58510,1,1,0,0,1
586,0,1,1,0,1
5860,1,1,1,0,0
587,1,0,1,0,1
590,0,1,0,0,1
59272,1,1,1,0,1
593,0,1,1,1,0
594,1,1,1,1,1
5947,0,1,1,0,1
5948,1,0,1,1,0
5950,1,0,1,0,1
5959,0,0,1,0,1
5973,1,1,0,0,0
6005,1,1,1,0,0
60386,1,0,1,0,0
60481,0,0,1,1,1
60482,0,1,1,0,1
60490,0,0,1,0,1
60559,0,1,0,1,0
6120,1,1,0,1,1
622,1,1,1,1,1
6240,0,1,1,0,1
6241,0,0,1,1,0
6296,0,1,0,1,1
6303,1,1,0,0,0
6307,1,0,1,1,1
6309,1,1,1,0,0
6319,1,1,0,0,1
6342,1,1,0,0,0
635,0,1,1,1,1
6389,1,1,0,1,0
6390,0,1,0,1,1
6391,1,0,1,1,0
63917,1,1,1,0,1
6392,0,1,1,0,1
64064,1,0,0,1,1
64077,0,1,0,1,1
64078,0,1,1,1,0
64080,0,1,0,1,0
64087,0,1,1,1,0
64122,1,1,0,1,0
64131,1,1,0,1,0
64132,0,1,1,0,1
641371,1,1,0,0,0
641372,0,1,1,1,0
641649,1,0,1,1,0
64174,0,1,0,1,1
64180,1,0,1,1,0
6419,1,0,0,1,0
64220,1,1,0,1,0
64240,1,1,0,0,0
64241,0,1,1,0,0
64324,0,1,0,1,0
644,1,0,1,1,1
64419,1,0,1,0,1
644378,1,0,1,0,0
6448,1,1,1,0,0
644974,1,0,1,0,1
64499,0,0,1,1,0
645,0,1,1,1,1
645740,0,1,1,0,1
64579,0,1,1,0,1
64600,0,1,0,1,1
646480,1,0,1,1,0
646486,0,1,1,0,1
6470,1,1,1,1,1
64711,1,0,0,1,1
6472,1,0,1,1,1
64748,1,0,0,1,0
64754,0,0,1,0,1
6476,1,1,1,0,0
64781,1,1,1,1,1
64802,1,1,0,0,0
64816,0,1,1,1,1
6482,1,0,1,1,1
6483,0,1,0,1,1
64834,1,0,1,0,1
6484,0,1,1,0,1
64841,0,1,0,0,1
64849,1,1,0,1,1
64850,0,1,1,1,0
6487,1,1,1,1,1
6489,1,0,1,1,0
64900,0,1,0,1,0
64902,1,1,1,0,0
65010,1,1,1,1,1
6505,1,0,1,1,1
6506,1,1,1,0,1
6507,1,1,0,1,1
6508,1,0,1,1,1
6509,1,1,0,0,1
6510,1,0,0,1,1
6511,0,1,1,1,1
6512,1,1,1,1,0
6513,1,1,0,0,1
6514,1,1,1,0,0
6515,1,0,0,1,1
6517,1,1,1,0,0
6518,0,0,1,1,1
6519,1,0,1,1,1
6520,0,1,1,1,0
6521,0,1,0,1,1
6522,0,1,1,0,1
65220,1,1,0,0,1
6523,0,1,0,1,0
6524,0,1,1,0,1
6526,0,1,0,1,1
65263,1,1,0,0,0
6528,0,1,1,0,1
6529,1,0,1,0,0
6530,0,1,0,1,0
6531,0,0,1,0,1
6532,1,1,0,1,0
6533,1,1,0,1,0
6534,1,1,1,0,0
6535,0,1,0,1,1
6536,1,0,1,1,1
6538,0,1,0,1,0
6539,1,0,0,1,0
6540,0,0,1,0,1
6541,1,1,0,0,1
6542,0,0,1,1,1
6543,1,1,1,0,0
6546,0,1,0,1,1
6547,1,1,1,1,1
6548,1,1,0,0,0
6549,0,0,1,1,0
6550,0,1,1,0,0
6553,0,1,1,1,0
6554,0,1,1,0,1
6555,1,0,1,1,0
6556,1,1,0,0,0
6557,0,1,1,1,0
6558,0,0,1,1,1
6559,1,0,1,0,0
6560,0,1,0,1,1
6561,1,0,0,1,1
6563,1,0,0,1,0
6564,0,0,1,1,1
6565,1,1,1,0,1
6566,0,0,0,1,1
6567,0,1,1,0,1
6568,0,1,1,0,0
6569,0,1,1,0,0
6570,0,1,0,1,0
6571,0,0,1,0,1
6572,1,1,0,1,0
6573,1,1,0,1,1
6574,0,0,1,1,1
6575,1,0,0,1,1
6576,1,1,1,1,0
6578,1,0,0,0,1
6579,1,1,0,1,0
6580,1,1,0,0,1
6581,1,0,0,1,0
6582,1,0,1,1,1
6583,0,1,1,0,1
6584,0,1,0,1,1
65985,1,1,1,1,0
66002,0,0,1,1,0
66035,1,0,0,1,1
6609,1,1,1,0,0
6610,0,1,1,1,0
6611,0,1,1,0,1
6646,0,1,1,1,0
6647,1,1,0,0,1
6648,1,0,0,1,1
6649,0,0,1,1,1
6652,1,0,0,0,1
6675,1,1,1,0,0
669,1,1,0,1,1
6697,1,1,1,0,0
6713,0,1,0,1,1
6715,1,1,0,1,0
6716,0,1,1,0,1
6718,0,0,1,1,1
6723,1,0,1,1,0
6783,1,0,1,1,0
6785,1,1,1,0,0
6799,0,1,1,0,1
6817,1,1,1,1,1
6818,1,1,1,1,1
6819,1,1,1,0,0
682,1,0,1,1,0
6820,1,1,1,1,0
6821,1,0,1,0,1
6822,0,0,1,0,1
6833,0,1,1,0,1
6839,1,1,1,0,0
686,1,1,1,1,0
6888,1,0,1,0,1
6898,1,1,1,0,1
6916,1,1,0,0,1
6999,0,1,1,1,0
7001,0,1,1,1,1
7054,1,1,1,1,1
7083,0,0,1,0,1
7084,1,0,0,1,0
7086,0,1,1,0,1
7108,1,1,1,0,1
7166,1,1,0,0,1
7167,0,1,0,1,0
7173,1,1,1,1,1
7177,0,1,1,0,0
7263,0,0,1,1,0
7264,1,1,1,0,0
728441,1,1,0,0,0
7296,1,1,1,1,1
7298,0,0,0,1,1
7299,1,0,1,0,0
7306,1,1,0,0,1
7350,1,1,0,0,0
7351,0,1,1,0,1
7352,1,1,1,1,1
7355,1,0,1,1,0
7357,1,0,1,0,1
7358,0,1,0,1,1
7360,1,1,1,0,1
7363,1,0,1,0,1
7364,1,1,0,1,0
7365,1,1,0,1,0
7366,0,1,1,0,1
7367,1,0,1,1,0
7368,0,1,0,1,0
7371,1,1,0,0,0
7372,1,1,1,1,0
7378,1,1,0,1,1
7381,0,1,1,0,0
7384,0,0,1,1,0
7385,0,0,1,1,0
7386,0,0,0,1,1
7388,0,0,0,1,1
7389,1,1,0,0,0
7390,0,0,1,0,1
7468,1,0,0,0,1
747,1,0,1,0,0
7498,0,1,0,1,1
759,1,0,0,0,1
760,0,1,0,0,1
761,1,1,1,0,0
762,1,1,0,0,0
763,1,1,0,1,1
765,0,0,1,0,1
766,0,1,1,1,0
767,0,0,1,1,0
768,1,0,1,0,0
771,1,1,1,1,1
7779,0,0,1,1,0
7837,0,0,1,0,1
788,1,1,0,1,1
790,1,1,1,1,0
79017,0,0,1,1,1
7903,0,1,1,1,0
79071,0,1,1,1,0
79077,1,0,0,1,0
79087,0,0,1,0,1
7915,1,1,0,1,1
79178,1,1,0,1,0
7923,1,1,1,1,0
79369,0,0,1,1,1
7941,1,0,0,1,1
79411,1,0,1,1,0
79581,0,1,0,1,1
79586,1,0,0,1,0
79603,0,1,0,1,0
79611,1,0,0,1,0
79623,1,1,0,1,1
79644,1,1,0,1,0
79646,0,0,1,1,0
79672,0,1,0,0,1
79695,0,0,1,1,1
79707,1,0,1,0,0
79717,1,0,0,1,1
79723,1,0,1,0,0
79751,0,1,0,1,0
79799,0,1,0,1,0
79813,0,1,0,0,1
79814,0,1,0,1,0
79837,1,1,1,0,0
79896,1,1,0,1,0
79901,1,1,0,0,1
7991,1,1,1,1,0
79948,1,0,1,0,0
79966,1,0,0,0,1
79993,0,1,1,0,1
80025,1,1,1,1,1
80055,1,0,0,1,1
80142,1,1,1,1,1
80146,1,1,0,1,0
80150,0,1,1,1,1
80162,0,0,1,1,1
80168,1,0,1,1,0
80201,1,0,0,1,0
80235,0,1,1,1,1
80270,1,1,0,1,0
80271,1,0,1,1,0
80308,1,1,1,1,1
80339,1,1,1,0,0
8034,1,1,0,1,1
80347,0,0,1,0,1
8041,1,1,0,0,0
8050,0,1,1,0,0
80704,1,0,1,1,1
80724,0,1,0,1,1
8085,0,0,1,0,1
80854,1,0,0,1,0
81031,0,1,0,1,1
8140,1,0,1,1,0
81490,0,0,1,1,0
81537,0,0,0,1,1
81539,1,1,1,0,1
81579,0,1,1,0,1
81616,1,1,0,0,1
8170,0,1,0,0,1
81849,0,1,1,0,1
81894,1,1,0,0,0
8228,0,1,0,1,1
8277,0,1,0,0,1
8288,1,0,0,1,1
8309,1,1,0,1,1
8310,0,0,1,1,0
83401,1,1,0,1,0
83468,1,0,1,0,1
83549,0,1,1,0,0
83594,0,1,1,0,0
83697,1,0,1,1,0
8372,1,1,0,1,0
83733,1,0,1,0,0
83852,1,0,0,0,1
83884,1,0,1,1,1
8394,1,1,1,0,1
8395,0,1,1,1,1
8396,1,1,1,1,1
8398,1,1,0,1,1
8399,0,0,1,1,0
84002,0,1,1,1,1
8402,0,1,1,1,0
84076,1,0,1,1,0
84105,1,1,0,0,1
84129,1,1,0,1,0
8424,1,1,1,1,0
84264,0,1,1,0,1
84274,0,1,1,1,0
8435,0,0,0,1,1
84444,0,1,1,0,1
8446,0,1,1,0,1
84513,1,0,0,1,0
84532,0,0,1,0,1
84569,0,1,1,1,0
84618,0,1,0,0,0
84649,1,0,0,1,1
84679,0,0,1,0,1
84693,1,0,1,0,1
847,1,0,1,1,1
84701,1,0,1,0,1
84706,0,1,1,1,1
84720,1,1,1,1,1
8473,1,0,0,1,0
84735,1,0,0,1,0
84750,0,1,0,1,0
84752,0,1,0,1,1
84787,0,0,0,1,1
84812,0,1,0,0,1
84814,0,1,0,1,1
84869,0,1,0,0,1
84889,0,1,1,1,1
84890,0,1,1,0,0
84912,1,0,1,1,0
84920,0,1,0,1,0
85007,1,0,1,0,0
8501,1,1,0,1,0
8503,1,1,0,0,1
8509,1,0,1,0,1
8513,1,0,1,1,0
8525,1,1,1,0,0
8526,1,0,0,0,1
8527,0,1,1,0,0
8528,1,0,0,1,1
8529,1,1,0,0,1
85320,0,1,0,1,1
8534,0,1,1,0,0
85465,1,0,1,0,0
8560,1,1,1,0,1
8564,0,1,0,0,1
8566,1,0,1,1,0
8574,1,1,1,1,0
8604,0,0,1,1,0
8608,1,0,0,1,0
8611,1,1,1,0,1
8612,0,0,0,1,1
8613,1,1,0,0,0
8622,0,1,1,0,0
8630,1,0,1,1,0
8639,1,1,1,0,0
8644,1,0,1,1,0
8647,1,0,1,0,1
8654,0,0,1,1,1
8659,1,1,1,1,1
8671,1,1,0,0,0
8693,1,0,1,0,0
8694,0,0,1,1,1
8702,1,0,0,1,0
8703,0,1,0,0,1
8704,1,1,1,1,0
8705,1,1,0,1,0
8706,1,1,1,1,1
8707,0,1,0,0,1
8708,1,0,1,0,0
8714,1,1,1,1,1
873,1,0,1,0,1
8733,1,1,0,1,1
874,1,0,1,0,0
875,1,1,0,0,0
8760,0,1,0,1,1
8776,0,1,0,1,1
8781,1,0,1,0,1
8789,1,1,1,0,0
8790,0,0,1,1,1
8801,0,1,0,0,1
8802,1,0,0,1,0
8803,1,0,1,0,0
8818,1,1,1,1,1
8821,1,0,1,1,0
8824,1,1,1,0,1
883,0,1,1,0,0
8833,1,0,1,1,0
8836,0,1,1,1,0
8854,1,1,1,1,1
8867,1,1,1,1,1
8869,0,0,1,1,1
8871,1,1,0,1,1
8875,1,1,0,1,0
8876,1,0,1,0,1
8877,1,1,0,0,1
8879,0,1,1,0,0
8884,0,1,1,1,1
8897,1,1,1,1,0
8898,1,0,0,1,1
8908,1,0,0,1,1
8942,1,1,0,0,1
8972,0,1,1,0,1
8974,0,0,1,1,0
89869,1,0,0,1,0
89872,1,1,0,1,0
89874,0,0,1,1,1
8992,0,1,1,0,1
9016,1,1,1,1,1
90161,0,1,1,1,0
9023,1,1,1,1,0
90423,1,0,1,1,1
9045,0,0,1,1,1
9056,0,1,1,0,0
9057,1,1,0,1,1
9058,1,1,1,0,0
9060,1,0,0,1,1
9061,1,1,0,0,1
90701,1,0,0,1,0
9091,1,1,1,1,1
91012,0,0,1,0,1
9107,1,1,0,1,0
9108,0,1,1,0,0
9114,1,1,0,1,1
91179,0,1,1,0,1
91227,1,0,0,0,1
9123,0,1,1,0,0
91373,0,1,1,1,0
9152,1,1,1,0,0
9153,0,0,1,1,1
9154,1,1,1,0,1
9162,1,0,0,0,1
9167,0,1,0,0,1
91703,1,0,1,1,0
91734,0,1,0,1,0
9187,1,0,0,1,0
9194,0,0,1,1,0
9197,0,1,0,1,0
9200,1,0,1,0,1
92086,1,0,0,0,1
9227,1,1,0,0,1
92370,0,1,0,1,1
9245,1,0,1,0,1
92483,1,0,0,1,0
9249,1,0,1,0,1
92579,0,1,1,0,1
92745,1,0,1,1,1
9296,0,1,0,1,1
93010,0,0,1,0,1
93034,1,0,1,1,1
93100,0,1,0,1,1
93183,1,1,0,0,1
9331,1,0,1,0,0
9334,1,0,0,1,0
9348,0,1,0,1,1
93492,1,1,0,0,0
93517,1,0,1,0,0
9356,0,1,0,0,1
9365,0,1,0,0,1
93650,1,0,1,1,0
9374,1,1,1,0,0
9376,1,0,1,0,0
9377,0,1,0,1,1
9380,0,1,0,1,0
9388,1,0,0,1,0
9390,0,0,0,1,1
9394,1,1,0,0,0
93979,1,1,0,0,0
94005,1,0,1,1,0
94033,1,0,0,0,1
9415,1,1,1,0,0
9420,1,1,1,0,0
9429,0,1,1,0,1
9435,0,0,1,1,0
9453,0,1,1,1,0
9468,1,0,1,0,1
9469,1,0,1,1,0
948,1,0,0,0,1
9481,1,1,0,1,0
9487,0,0,1,0,1
9488,1,1,0,1,1
9489,1,1,0,1,1
949,0,1,0,1,1
9497,1,1,1,0,0
9498,1,0,1,0,1
95,1,1,1,1,0
9514,0,1,0,0,1
9517,0,0,0,1,1
952,1,1,1,0,0
9524,1,0,1,0,0
953,1,0,0,1,1
9536,1,0,1,1,1
954,0,1,1,1,1
955,1,1,1,0,0
9550,0,1,0,1,1
9551,1,1,1,1,1
956,1,1,0,0,1
9562,1,1,0,1,0
9563,0,1,0,1,1
957,0,1,1,1,0
9583,0,1,0,0,1
9588,1,1,0,0,1
9615,1,0,1,1,1
9651,0,1,0,1,0
9653,1,1,0,0,1
9663,0,0,1,0,1
9677,1,0,1,0,0
97,1,1,1,1,1
9739,1,1,0,0,1
9757,0,0,1,1,1
978,0,1,0,1,1
9789,1,0,1,0,0
9791,0,1,1,0,0
98,0,1,1,0,1
9807,1,1,1,1,0
9843,0,1,0,1,1
9869,0,1,1,0,0
9890,0,1,0,0,1
9896,0,1,1,1,0
9917,1,0,0,1,0
9942,1,0,1,0,1
9945,0,1,0,0,1
9951,1,0,0,1,1
9953,0,0,1,1,1
9955,0,1,1,1,0
9956,1,1,1,0,0
9957,0,0,1,1,1
9962,1,1,1,1,1
9963,1,1,1,1,1
9990,1,0,0,1,0
