Var1,Gene_matrix1,Gene_matrix2,Gene_matrix3,Gene_matrix4,Gene_matrix5
0,1,0,1,1,0
100,1,0,1,0,1
10005,1,1,1,1,1
10007,0,1,0,0,0
100137049,1,0,1,0,1
10020,1,0,1,0,1
10026,1,0,1,1,0
100287639,0,1,1,0,0
100288072,1,0,1,0,1
10050,0,0,1,1,0
100507855,1,1,0,0,0
100526794,0,0,0,1,1
10057,1,1,1,1,1
10058,0,1,1,1,0
10060,1,0,1,0,1
10087,1,1,1,1,0
10090,0,0,1,1,0
10135,1,1,0,0,1
10157,0,0,0,0,1
10164,0,0,0,1,1
10165,1,1,0,1,1
10166,0,1,0,1,1
10170,0,1,0,1,0
10201,0,1,1,1,1
10202,1,0,1,1,0
10229,1,0,0,1,1
10246,1,0,0,0,1
10249,0,1,1,0,0
10257,1,1,0,1,1
102724197,1,1,0,0,0
102724560,1,1,0,0,0
10312,1,0,1,1,1
10317,1,1,1,1,1
10327,1,1,1,1,0
10331,1,0,1,1,0
10351,0,0,1,1,0
1036,1,1,0,0,0
10380,1,0,0,0,1
10390,0,0,1,1,1
10396,1,1,0,1,0
1040,1,1,1,0,0
10400,1,1,1,1,1
10402,0,1,0,0,1
10423,1,1,0,1,1
10449,1,1,0,0,1
10455,1,1,0,0,1
10476,0,1,1,0,1
10478,1,0,1,0,0
10553,0,1,0,1,1
10554,0,1,1,1,0
10555,1,0,1,0,1
10558,0,0,1,0,0
10559,0,1,1,1,0
1056,0,1,0,1,1
10560,0,0,1,1,0
10568,0,1,1,0,0
10587,0,0,1,1,0
10588,1,0,0,0,1
10599,0,0,1,1,0
10606,1,0,0,1,1
10610,1,0,1,0,0
10632,0,0,1,1,1
10654,1,1,0,1,0
1066,0,0,1,0,1
10678,1,1,1,1,1
10682,0,1,1,1,0
10690,1,1,0,0,0
107,0,1,0,0,1
10715,1,1,1,0,0
10720,1,0,1,1,0
10723,1,0,1,0,1
10724,1,0,0,0,1
10728,1,1,0,0,1
10768,1,1,0,0,1
10786,0,0,0,1,1
10797,1,1,1,1,0
108,0,0,1,0,1
1080,1,0,1,0,1
10825,0,1,0,1,1
10826,1,0,0,1,1
10840,1,1,0,0,0
10841,0,1,1,1,1
10846,0,1,1,1,0
10858,0,0,1,1,0
10861,1,1,1,0,0
10864,1,1,0,0,1
10870,0,1,0,1,1
10873,1,0,1,0,0
109,0,1,0,0,1
10901,1,1,1,0,0
10919,0,1,0,0,1
10928,1,0,0,1,1
10935,0,0,1,1,1
10941,1,0,0,1,0
10948,1,1,0,1,1
10965,0,1,1,1,0
10975,1,0,1,0,0
10991,0,0,1,1,1
10993,1,0,1,1,0
10998,0,1,1,1,1
10999,1,0,0,0,1
11000,0,1,1,0,0
11001,0,1,1,1,0
1103,1,1,1,1,1
11041,0,1,0,0,1
11046,1,0,1,0,1
1109,1,1,0,0,1
111,0,1,1,0,1
11102,1,1,1,0,0
11112,0,0,1,0,0
11136,1,0,0,1,1
11164,0,1,0,1,1
1118,1,0,1,1,1
11181,0,0,1,1,1
11182,1,0,1,0,0
1119,1,1,1,1,0
112,1,0,1,0,1
1120,1,1,1,1,1
11212,0,0,1,1,0
11226,0,0,0,1,1
11227,1,1,0,0,0
11238,0,1,1,1,0
112483,1,0,0,1,1
11254,0,1,0,1,0
112611,1,1,0,0,0
112724,1,0,0,1,1
11283,1,1,0,1,0
11285,1,1,0,0,1
113,1,0,0,1,0
113026,0,1,1,0,1
11309,1,1,0,1,0
113189,1,1,0,0,1
113235,1,0,0,0,1
113278,0,1,0,0,1
11332,0,0,1,1,0
11343,1,1,1,1,1
113451,1,0,1,1,0
113612,1,0,1,0,1
113675,0,1,1,0,0
114,0,1,0,1,0
114134,1,1,0,1,0
114571,1,0,0,1,1
114805,0,0,1,1,0
114971,1,1,0,1,1
115,1,1,0,1,0
115019,0,1,0,1,1
115111,1,0,1,1,1
1152,1,1,0,0,1
115286,1,1,1,1,1
1155,0,0,1,1,1
115584,0,1,1,0,0
1158,1,1,1,0,0
1159,0,1,1,1,0
1160,0,0,1,1,1
116085,1,0,1,0,1
116255,1,0,1,1,1
116285,1,0,0,1,1
116369,1,1,1,1,0
117247,1,1,0,1,0
117248,1,0,0,0,1
117283,1,1,1,0,1
1178,0,1,0,1,1
118881,1,0,0,0,0
119548,1,1,0,1,0
1200,1,1,0,0,0
120103,0,1,0,1,1
1208,1,0,0,0,0
121214,0,1,0,1,1
121278,1,1,0,0,1
1215,1,1,0,0,0
122481,0,0,1,1,0
122618,0,1,1,1,0
122622,1,1,1,0,0
122970,1,1,1,0,0
123041,1,1,1,1,1
123096,1,1,0,0,1
123099,1,0,1,0,1
123264,0,1,0,1,0
123688,1,1,0,1,0
123745,1,1,0,1,0
123876,1,0,1,1,0
124,0,1,1,1,1
1244,0,0,0,1,1
124583,1,1,1,1,0
124637,0,1,1,0,1
124872,0,1,1,0,1
124935,0,1,1,0,0
124975,0,0,1,1,0
125,1,1,1,1,0
125061,0,0,0,1,1
125206,0,1,1,0,1
125965,0,1,1,1,0
125981,0,1,1,1,0
126,1,1,0,1,0
126129,0,1,0,1,1
126328,0,1,1,0,0
126410,0,1,1,1,0
1267,1,1,0,0,0
126792,1,0,0,1,1
127,1,1,1,0,1
127124,1,1,1,1,1
128,0,1,1,0,1
128869,1,0,1,0,1
129607,0,0,0,1,1
129642,0,0,1,1,1
129807,1,1,0,1,0
13,1,0,1,1,0
130,1,1,0,1,1
130013,1,0,1,1,1
130367,1,1,0,0,1
130752,1,1,0,0,0
131,1,0,1,1,1
1312,1,1,1,1,1
131669,0,0,0,1,1
132,1,0,0,1,1
132158,1,1,0,0,0
1327,0,1,1,1,0
132789,1,0,0,0,0
1329,1,1,1,0,0
133121,1,0,1,0,1
1337,1,0,1,1,0
1339,0,0,1,1,1
1340,1,1,0,1,0
1345,1,0,0,1,1
134526,1,1,1,0,0
1346,1,0,1,0,1
1347,1,1,0,0,1
1349,0,1,1,1,0
1350,1,1,0,0,1
1351,1,0,0,1,1
135152,1,0,1,0,1
1356,1,1,0,0,0
1357,0,1,1,0,0
1358,0,0,1,1,0
1371,1,0,0,0,1
1373,1,1,1,1,0
1374,1,0,1,0,0
1375,1,1,1,1,1
1376,0,0,1,0,1
137872,1,0,1,1,0
137902,0,1,0,0,1
137964,1,1,0,1,0
1384,1,1,1,0,0
138429,1,0,1,0,0
138639,0,1,1,1,0
139596,0,1,0,0,1
140679,1,0,1,0,1
140687,1,0,0,1,1
140838,1,1,0,0,1
142680,1,0,0,0,1
1431,1,0,1,1,1
144193,0,0,1,1,0
144195,0,0,1,0,1
145173,1,0,1,1,0
145226,1,0,0,0,1
145553,1,1,0,1,0
146664,1,0,1,1,0
146712,1,0,1,0,0
1468,1,1,1,0,0
146802,1,0,1,0,0
1487,1,1,0,1,0
148789,0,1,1,0,1
1491,1,1,1,1,0
15,0,1,0,1,0
1503,1,1,0,0,0
151531,0,1,1,1,0
152586,1,0,1,1,0
153201,1,0,0,0,1
1537,1,0,0,1,0
154091,0,1,0,0,1
154141,0,1,1,0,1
1543,1,0,0,1,0
1544,1,0,1,0,0
1545,0,1,0,0,1
1548,0,0,0,1,1
1549,1,0,0,0,1
1551,0,1,1,0,0
155184,0,0,0,1,1
1553,0,0,1,1,0
1555,0,0,0,1,1
1557,0,0,1,0,1
1558,1,1,1,0,0
1559,0,0,0,1,0
1562,1,0,0,0,1
1565,1,0,0,0,1
1571,0,1,0,1,1
1572,1,1,0,0,0
1573,1,1,0,0,0
157506,0,1,0,1,1
1576,1,0,0,0,1
1577,1,1,0,0,0
1579,0,1,1,0,0
158,1,1,1,1,0
1580,0,0,1,1,0
1581,1,1,0,1,0
158160,1,0,0,1,1
1582,1,0,1,1,0
1583,0,1,0,0,1
1584,1,0,0,0,1
1585,1,1,0,0,0
158584,1,0,0,1,0
1586,0,1,1,0,0
1588,0,0,1,1,1
1589,1,1,0,0,0
159,1,0,0,0,1
1591,1,1,0,1,0
1593,0,1,1,0,0
1594,0,1,1,0,1
1595,1,1,0,0,0
159963,1,0,1,0,1
160287,1,1,0,1,0
160428,0,1,1,0,0
1606,0,0,1,1,1
1607,1,1,0,0,1
160728,1,0,1,0,1
1608,0,0,0,1,1
160851,1,0,1,1,1
1609,1,0,0,1,0
1610,0,1,0,0,1
1621,1,1,0,0,1
1622,0,0,1,1,0
162417,0,1,1,1,0
162466,1,0,1,1,1
1629,0,0,1,0,0
1632,1,0,1,1,0
1633,1,1,1,0,0
163404,0,1,1,1,0
1635,1,1,0,0,0
1636,1,0,1,0,1
1638,0,1,1,1,0
1644,1,1,1,1,0
1645,1,0,0,1,1
1646,0,1,1,1,0
166012,0,1,1,1,0
1666,1,1,0,0,1
166785,0,1,1,1,0
166929,1,0,0,0,1
168391,1,1,1,0,0
169355,0,1,1,1,0
170384,1,1,0,1,0
170712,0,1,0,1,1
171425,0,0,0,1,1
1716,1,1,1,1,1
1717,0,1,1,0,1
1718,1,0,1,0,1
1719,1,0,0,0,1
1723,1,0,1,1,0
1727,1,0,0,0,1
1728,1,1,0,0,1
1733,0,1,0,1,0
1734,1,0,1,0,0
1735,0,1,0,0,1
1737,1,0,1,1,0
1738,1,1,1,0,1
1743,0,1,1,1,1
175,0,1,0,1,1
1757,0,0,1,0,0
178,1,1,1,1,1
18,1,1,1,1,1
1800,0,1,1,0,0
1806,0,1,1,1,0
1807,1,1,0,0,1
1808,0,1,1,1,0
1809,1,1,1,0,0
1811,1,0,0,1,0
1836,0,0,0,0,1
1841,1,1,0,1,1
1854,1,1,0,0,1
189,1,1,1,0,0
1890,1,1,1,0,0
1891,1,1,0,0,1
1892,0,0,1,1,1
19,1,1,1,0,1
191,0,0,0,1,1
192134,0,0,1,1,1
192286,1,1,0,1,0
195814,1,1,1,0,0
196051,1,0,0,1,1
1962,1,1,1,0,0
196883,1,0,1,0,0
197257,1,1,1,0,1
197258,0,0,1,1,0
199974,0,1,1,0,0
200010,1,0,1,1,0
200576,1,1,1,1,1
200810,0,1,0,1,1
200931,0,0,1,0,1
201164,0,0,1,1,1
201288,1,0,0,1,0
201562,0,0,1,1,1
201595,1,1,0,1,0
2023,0,1,1,0,0
2026,1,0,0,0,1
2027,0,0,1,1,1
203,0,0,0,1,1
2030,1,0,1,1,0
204,1,1,1,1,1
204219,1,0,0,1,1
205,1,1,1,1,1
2053,0,0,1,1,1
206358,1,0,1,0,1
2098,1,1,0,0,0
21,0,1,0,1,1
210,1,1,0,0,1
2108,1,0,1,0,1
2109,1,1,1,1,0
211,1,0,1,1,1
2110,0,1,1,0,1
212,1,0,1,0,0
2131,1,1,0,1,0
2132,1,1,1,1,1
2134,0,0,1,0,1
2135,0,1,0,1,1
2137,1,0,1,1,0
215,1,0,0,1,1
216,0,0,1,1,1
2167,0,1,1,0,1
2168,0,1,1,0,0
2169,1,0,1,1,0
217,1,1,1,0,0
2170,0,1,1,0,1
2171,1,0,1,0,1
2172,1,1,0,1,0
2173,0,1,0,1,1
218,0,1,1,0,1
2180,0,1,0,1,1
2181,1,1,1,0,1
2182,1,0,1,1,1
2184,0,1,1,0,0
219,1,1,0,0,1
2194,0,0,1,1,0
220,1,1,0,1,1
220074,1,0,0,1,0
2203,0,0,1,1,0
221,1,1,1,0,1
221223,1,0,1,0,0
221823,1,1,1,1,0
221955,1,0,1,0,1
222,1,0,1,1,0
2222,1,0,0,1,0
2224,1,0,0,1,1
222537,1,0,0,0,1
222962,0,1,1,0,0
223,0,1,1,1,0
2235,1,0,0,1,1
224,0,0,1,1,1
225,0,0,0,1,1
226,1,1,1,1,1
2271,0,0,1,1,0
22856,0,1,0,1,1
22876,1,0,1,1,0
229,0,0,0,1,1
22908,1,0,1,0,1
22934,0,0,1,1,0
22978,1,0,0,0,1
230,1,1,0,0,0
23007,1,0,1,1,0
23057,1,1,1,1,1
23067,0,0,1,0,1
231,0,1,1,1,0
23169,0,1,0,1,1
23175,0,1,0,1,0
23203,0,1,1,0,1
23205,1,1,0,0,0
23236,0,1,1,1,1
23250,1,1,0,0,0
23262,1,0,1,0,0
23305,0,1,1,1,0
23315,1,1,0,1,0
23371,1,0,1,1,0
23396,1,1,0,1,1
23417,1,1,0,0,1
23428,1,0,0,1,1
23430,0,1,0,1,1
23439,0,1,0,1,1
23443,0,1,0,1,0
23464,0,1,0,1,0
23475,0,0,0,1,1
23478,1,0,0,1,0
2348,1,1,1,1,1
23491,0,1,0,1,0
23498,1,1,1,1,0
2350,0,0,1,1,0
2352,1,1,1,0,1
23530,1,1,1,1,1
23533,1,1,0,1,0
23539,0,0,1,1,1
23545,0,1,1,0,1
23556,1,0,1,1,1
2356,1,1,0,0,0
23563,1,1,1,1,0
23600,1,0,1,1,1
23632,1,1,1,0,0
23646,1,1,1,0,0
23657,0,0,1,1,0
23743,1,1,0,0,0
23761,1,1,0,0,1
239,0,1,1,1,0
24,1,0,1,0,1
240,1,1,0,0,1
245972,1,1,0,1,0
245973,0,1,1,1,1
246,1,0,0,1,1
246213,0,0,1,1,0
247,0,0,1,1,1
248,0,1,1,1,0
249,0,1,1,0,0
2495,0,0,1,1,0
250,0,1,1,0,1
251,1,0,1,0,0
2512,0,1,1,0,0
2517,1,1,0,0,0
2519,1,0,0,0,1
2523,0,0,0,1,1
2524,0,1,1,0,1
2525,1,0,0,0,1
2526,1,0,1,0,1
2527,1,0,1,1,0
2528,0,1,0,1,1
2529,1,1,0,1,0
253017,1,1,0,0,1
2531,1,1,1,0,1
253558,1,0,1,0,1
253782,1,1,0,0,1
2538,0,0,1,1,1
2539,1,1,0,0,1
2542,1,1,1,0,0
2548,0,1,0,0,1
256435,0,1,0,1,0
257068,1,1,0,1,0
2571,1,1,1,1,1
2572,1,0,1,1,1
257202,1,1,0,0,0
25769,1,1,0,1,1
25796,1,1,1,0,0
2581,0,0,0,1,1
2582,0,0,1,1,1
2583,1,0,0,0,1
25830,1,1,0,0,0
25834,0,0,1,0,1
2584,0,0,1,0,0
2585,1,0,0,1,1
25874,0,0,1,1,0
2588,0,1,1,0,0
2589,0,1,1,1,0
2590,0,0,1,0,1
25902,0,0,1,1,0
2591,0,1,0,1,0
2592,1,1,1,1,0
259230,0,1,1,0,0
2593,0,1,1,1,1
259307,0,1,0,0,1
2595,1,1,0,0,1
2597,1,1,0,0,0
26,1,1,1,0,0
26002,1,0,0,1,1
26007,0,0,1,0,1
26027,1,1,1,0,0
260293,0,0,1,1,0
26035,0,1,0,1,0
26061,0,1,1,0,0
26062,1,0,0,1,1
26063,1,0,1,0,1
2618,1,1,1,1,1
262,0,1,0,1,0
26227,0,1,0,1,1
26229,0,1,1,0,1
26266,1,0,1,0,1
26275,0,0,1,1,0
26279,1,0,1,1,0
2628,0,0,1,1,0
26289,1,1,1,1,1
2629,1,1,1,1,1
26290,1,1,0,1,0
26301,1,0,1,0,1
2632,1,1,0,1,0
26330,0,1,1,0,0
2639,1,1,0,0,1
2643,0,0,0,1,1
2645,1,1,1,1,0
2650,1,1,1,0,0
26503,1,0,0,1,1
2651,0,1,1,0,1
2653,1,1,0,1,0
266722,1,0,0,0,1
266740,1,1,0,0,1
267020,0,1,0,1,0
2673,0,0,1,1,0
2678,0,1,1,1,1
2679,1,1,0,0,0
2683,1,0,0,0,1
2686,0,1,1,0,0
2687,1,1,0,1,0
26873,0,1,0,0,0
270,1,0,0,1,1
27010,1,0,0,0,1
27034,0,0,1,1,1
27068,1,1,1,1,1
27087,1,1,0,1,1
27089,0,1,0,0,1
27090,1,0,1,0,1
271,1,1,1,1,1
2710,1,1,1,0,1
27109,0,0,1,0,1
27115,1,1,0,0,0
2712,1,1,0,0,0
27124,0,1,1,1,1
2713,0,0,1,1,0
27159,1,1,1,1,1
27165,1,1,1,0,0
2717,1,0,1,0,1
272,1,1,1,0,0
2720,1,1,0,0,0
27232,0,0,1,1,0
27235,1,1,0,0,1
27284,0,0,1,0,1
2729,0,0,1,1,1
2730,1,0,0,1,1
27306,1,1,0,1,0
2731,1,0,1,0,1
2739,0,0,0,1,1
27430,0,1,1,0,1
2744,1,0,0,0,1
2745,1,0,1,0,0
2746,1,1,1,0,0
2747,1,1,0,0,1
275,0,1,0,1,1
2752,1,0,0,0,1
276,1,1,1,0,1
2760,1,1,0,1,0
2762,0,0,1,1,0
2766,1,0,0,0,1
277,0,1,1,1,0
278,1,1,0,0,1
279,1,1,1,0,0
2799,0,0,0,1,0
28,0,1,0,1,1
280,1,0,0,1,1
2805,1,1,1,0,1
2806,1,1,1,1,0
2819,0,1,1,0,0
2820,0,1,1,0,0
2821,0,1,1,0,0
28231,0,0,1,1,1
28232,1,1,1,0,0
28234,1,1,0,0,0
283208,1,0,0,0,0
283209,0,1,0,0,1
283358,0,1,1,1,0
283985,1,1,1,0,0
284004,1,0,1,1,0
284098,1,0,0,0,1
284111,1,1,0,0,1
284129,0,1,1,0,0
284273,1,1,0,1,1
285440,1,1,0,0,1
286016,0,1,1,0,0
286297,0,1,1,0,0
286410,0,1,1,0,0
2875,1,1,0,0,1
2876,1,0,1,1,1
2877,0,1,1,0,0
2878,1,0,0,0,1
2879,0,0,1,1,0
2880,0,0,0,1,1
2882,0,1,1,0,0
28965,1,0,0,0,1
28972,1,0,1,0,0
28976,1,0,0,1,1
28982,0,1,1,1,0
290,0,0,1,1,1
29072,0,1,0,1,0
29085,1,1,0,1,0
291,1,1,0,1,1
29124,1,0,1,0,1
292,1,1,1,1,0
293,1,1,1,0,1
2936,0,0,0,1,1
2937,1,0,0,0,1
2944,1,1,0,1,1
2946,1,1,1,0,0
2954,1,1,1,1,1
2974,1,0,0,1,1
2977,1,0,0,0,1
2978,0,0,1,1,0
29785,0,0,0,1,1
29796,0,1,0,1,1
2982,0,0,1,1,1
2983,1,1,0,0,0
2984,0,1,1,1,0
2986,1,1,0,0,1
2987,0,0,0,1,1
29880,1,1,0,1,0
29881,0,1,1,0,0
2990,0,1,0,1,1
29906,1,1,1,0,0
2992,0,1,0,1,1
29920,0,0,0,1,1
29922,1,1,1,1,1
29925,1,0,0,1,1
29926,0,0,1,1,1
29956,0,0,1,1,1
29958,1,1,0,0,1
29968,1,1,0,0,1
2997,1,0,1,0,1
2998,1,0,1,1,0
29988,0,1,1,0,0
30,0,0,1,1,1
3000,1,0,0,1,1
30061,0,1,1,0,0
3028,1,0,1,1,0
3029,0,0,0,1,1
3030,1,1,1,0,0
3032,1,0,0,1,1
3033,0,1,0,0,1
3034,0,1,1,0,0
3036,0,1,0,1,0
3037,1,0,0,1,1
3038,1,0,1,0,1
3067,0,0,0,1,0
3069,0,0,1,1,1
3073,0,1,1,1,0
3074,0,0,1,1,1
3081,0,1,0,0,0
30814,1,0,1,0,1
30815,0,0,1,0,1
30833,0,1,0,1,0
3098,1,0,1,1,1
3099,0,1,0,1,1
31,1,1,1,1,1
3101,0,0,0,0,1
314,1,1,1,1,0
3141,0,1,0,1,1
3145,0,0,1,1,0
3155,1,1,0,0,0
3156,0,0,1,1,0
3157,0,0,1,1,0
3158,0,0,0,0,1
316,1,1,1,1,0
3162,0,1,1,0,0
3163,0,0,1,1,1
3176,0,1,0,0,0
3177,1,1,0,1,0
32,1,0,0,1,1
3242,0,1,1,1,1
3248,0,0,0,1,1
3251,1,0,0,0,1
3283,0,0,1,1,1
3284,1,0,0,1,0
3290,1,1,1,1,1
3291,1,1,1,0,1
3292,1,1,1,1,0
3293,0,1,1,0,0
3294,1,0,1,1,0
3295,0,1,1,0,0
33,1,0,1,0,1
3340,1,0,1,0,1
337876,1,0,1,0,1
338707,0,1,1,0,1
339221,0,0,0,1,1
34,1,0,0,1,1
340024,0,1,1,1,0
340485,0,1,0,1,1
340811,1,0,1,1,0
341392,0,1,0,1,1
3417,0,0,1,0,1
3418,1,0,0,1,0
3419,1,0,0,1,0
341947,0,0,1,1,1
3420,0,1,1,1,1
3421,1,1,1,1,0
3422,1,1,1,1,0
3423,1,1,0,0,1
3425,0,1,1,0,1
343,1,0,0,1,0
344967,1,0,1,0,1
345274,0,1,0,1,1
347734,1,1,0,1,0
348158,1,1,0,1,0
348932,1,0,1,1,0
349565,1,1,1,1,0
35,1,1,1,0,0
353,1,1,0,0,0
358,0,0,1,1,0
359,1,1,0,0,0
36,0,0,1,1,1
360,1,1,1,0,0
360203,0,1,1,0,1
361,0,0,0,1,1
3612,1,0,0,0,1
3613,1,1,0,0,0
3614,1,1,1,0,1
3615,1,1,0,0,0
362,0,1,1,0,0
3620,0,1,0,1,0
3628,0,1,1,1,0
3631,0,1,1,1,1
3632,1,1,1,0,0
3633,1,0,1,0,1
3635,0,1,1,1,1
3636,1,1,0,1,0
364,0,1,1,1,0
3658,0,1,1,0,0
366,1,0,1,0,1
37,0,1,0,1,1
3703,1,1,0,0,1
3704,1,1,1,0,0
3705,0,1,1,0,1
3706,0,0,1,1,1
3707,1,1,0,0,1
3712,1,1,0,0,1
374291,0,1,0,0,1
374462,1,0,0,1,1
374569,1,0,0,0,1
374875,1,0,1,1,0
374907,1,1,0,1,0
375056,0,0,0,1,1
3764,1,0,1,1,0
376497,1,1,0,1,1
3767,1,1,0,1,0
377677,0,1,1,1,0
377841,1,0,1,1,1
3795,1,1,1,1,1
38,1,0,1,1,1
383,0,0,0,1,1
384,1,0,1,0,1
386757,1,1,0,0,1
387775,1,1,0,1,0
387893,0,0,1,0,1
389015,1,0,0,0,1
39,0,1,1,1,0
3906,1,0,1,1,0
390928,1,0,0,1,0
3930,1,1,1,0,0
3931,1,0,1,0,1
3938,1,0,1,1,0
3939,1,0,1,0,1
3945,0,1,0,1,1
3948,0,1,1,0,1
3988,0,0,1,1,0
3990,1,0,1,1,0
3991,1,1,0,1,0
3992,1,1,0,0,1
3995,0,1,1,1,0
401494,0,1,1,1,0
4017,0,0,0,1,1
4023,0,1,1,0,1
4025,0,0,1,1,0
403313,0,1,0,1,1
4047,0,1,1,0,1
4048,1,1,0,1,0
4051,1,0,0,0,1
4056,0,1,1,1,1
410,1,0,1,0,1
411,1,1,0,1,1
412,0,1,1,1,0
4125,1,1,1,1,0
4126,1,1,1,0,0
4128,0,1,1,1,1
4129,1,0,1,1,1
4143,0,1,0,1,0
4144,1,0,0,1,0
4166,1,0,0,0,1
4190,0,0,1,0,1
4191,0,1,1,1,0
4199,0,1,0,0,1
4200,1,0,0,1,0
4249,0,1,0,1,0
4258,1,0,1,0,1
4259,1,0,1,1,0
427,1,1,1,1,1
4284,1,0,0,0,1
4297,0,1,0,0,1
43,1,0,1,1,1
4329,1,1,0,1,0
435,0,0,1,0,0
4351,1,1,0,0,0
4353,1,1,0,0,0
4357,1,1,1,0,0
4363,0,1,1,1,1
438,1,0,1,1,0
440,1,1,1,1,1
441024,0,0,1,1,0
441282,0,1,0,1,1
443,1,0,1,1,1
445,1,1,1,1,1
4507,1,1,1,0,1
4512,1,1,1,0,0
4513,1,1,0,0,1
4514,1,0,1,1,0
4519,1,0,0,1,0
4522,0,0,0,1,1
4524,1,0,0,1,1
4535,1,1,0,0,1
4536,1,1,1,0,0
4537,1,1,0,1,0
4538,1,0,1,0,1
4539,1,0,1,0,1
4540,1,0,0,1,1
4541,0,1,0,1,1
4548,1,0,1,0,1
4594,0,1,1,1,0
4597,1,1,0,0,1
4598,1,1,0,1,0
4645,0,1,1,1,0
4668,1,1,1,0,1
4669,1,0,1,1,0
4694,1,0,0,1,0
4695,0,1,1,1,0
4696,0,0,1,0,1
4697,1,1,0,1,0
4698,0,1,0,1,1
47,1,1,1,1,0
4700,0,1,1,1,0
4701,0,1,1,0,1
4702,0,0,1,1,1
4704,1,1,0,0,0
4705,1,0,1,1,0
4706,0,1,1,1,0
4707,1,1,0,1,0
4708,1,0,0,1,1
4709,1,0,0,1,0
471,0,1,0,0,0
4710,0,1,0,0,1
4711,0,0,1,1,1
4712,1,1,1,1,0
4713,1,1,0,0,1
4714,1,0,0,0,1
4715,1,0,0,1,1
4716,1,0,1,0,1
4717,0,1,1,0,1
4718,0,1,0,1,0
4719,1,1,1,0,0
4720,1,1,0,0,1
4722,1,0,1,1,0
4723,1,0,1,1,0
4724,1,0,0,1,1
4725,0,1,0,1,1
4726,1,0,1,0,0
4728,1,0,1,0,0
4729,0,0,1,1,1
4731,1,1,1,0,0
4758,0,0,1,1,0
4759,1,0,1,1,0
476,1,1,0,1,0
477,1,0,1,1,0
478,0,1,1,0,1
48,1,1,1,1,0
480,0,1,1,0,1
481,1,1,0,1,0
482,1,0,1,1,0
483,1,0,1,0,1
4830,1,1,1,1,1
4831,1,1,1,1,0
4832,1,1,1,0,1
4833,1,1,1,1,0
4837,1,0,1,0,0
4842,0,1,0,0,1
4843,1,1,1,1,0
4846,0,0,1,0,1
4860,1,0,0,1,0
4864,1,0,0,1,1
4881,0,0,1,1,1
4882,1,1,1,0,0
4891,1,1,0,0,1
490,1,1,0,0,0
4905,1,0,0,1,0
4907,0,1,0,0,1
491,1,0,0,0,1
492,0,0,0,1,1
493,0,1,1,0,0
493869,1,1,0,1,0
4942,0,0,1,0,0
495,0,0,0,0,1
4952,1,1,1,1,1
4953,0,0,0,1,1
496,1,0,0,0,0
4967,1,1,1,1,1
498,1,1,1,1,0
50,1,1,1,0,1
5009,0,0,0,0,1
501,1,1,0,0,1
5019,1,0,0,0,0
5033,0,0,1,0,1
5048,0,1,0,1,1
50484,1,0,0,0,1
50487,1,0,1,1,0
5049,0,1,1,0,1
5050,1,0,1,1,0
50506,0,1,0,1,0
5051,1,1,0,1,0
50515,1,1,1,0,0
5052,1,1,0,1,1
5053,1,1,0,1,1
506,0,1,0,1,1
50614,1,0,1,1,1
50617,1,1,1,1,1
50700,0,0,1,0,1
50808,1,0,1,0,1
50814,1,1,0,0,0
509,1,1,1,1,1
5091,1,1,1,0,0
5092,1,1,0,1,1
50940,0,1,1,0,0
51,1,1,1,1,1
51004,0,1,1,1,1
51005,1,0,0,0,0
51022,1,1,1,1,1
5105,0,1,1,0,1
51056,0,0,1,1,0
5106,1,0,1,1,0
51071,1,1,1,0,0
51079,0,1,1,0,1
51086,1,1,0,1,0
51099,1,1,0,1,0
51102,1,0,1,1,0
51109,1,1,0,0,1
51111,0,0,1,0,1
51144,1,1,0,0,1
51146,1,0,1,1,0
51166,1,1,1,1,1
51170,1,1,1,0,0
51171,0,1,1,0,1
51179,1,1,1,0,0
51181,0,1,1,0,0
51196,0,1,0,0,1
51205,0,1,1,1,0
51227,1,1,1,1,1
51228,0,1,1,0,1
51251,0,1,1,0,0
51268,1,1,0,1,0
51292,0,0,0,1,1
513,0,1,1,0,1
5130,1,1,0,1,1
51301,0,1,1,1,0
51302,0,1,1,0,0
51312,1,0,1,0,0
5136,1,0,1,1,1
5137,0,1,1,1,0
5138,0,1,1,0,0
51380,1,1,1,1,0
51382,1,1,0,1,1
5139,1,1,0,0,1
514,1,1,1,1,0
5140,1,1,0,1,1
5141,1,1,0,0,0
5142,1,1,1,0,0
5143,1,1,0,0,1
5144,0,0,1,1,1
51447,1,1,1,1,1
5145,1,1,0,0,0
51458,0,0,1,1,1
5146,0,0,0,1,1
5147,0,1,1,0,1
51477,1,1,1,0,0
51478,0,1,0,1,1
5148,1,0,1,1,0
5149,0,0,1,1,0
51495,1,0,1,0,1
51496,0,0,1,1,1
515,1,1,1,1,1
5150,1,1,1,1,1
5151,1,1,1,1,1
5152,1,1,1,1,1
5153,0,0,1,1,1
51557,1,1,0,0,0
51559,1,1,0,0,1
5158,0,1,1,0,0
516,1,0,1,1,1
5160,0,1,0,1,1
51604,0,1,1,0,1
51606,1,1,1,1,1
5161,1,1,0,1,0
5162,0,1,1,0,1
51660,0,1,1,0,0
5167,1,1,0,0,1
5168,1,1,0,1,0
5169,1,1,1,0,0
517,0,1,1,0,1
51700,0,1,1,0,0
51703,1,1,0,1,0
51706,1,1,0,0,0
5172,0,1,1,1,0
51727,0,0,1,1,0
51733,0,0,0,1,1
51741,0,1,1,0,1
518,1,1,1,1,1
51805,1,1,1,0,0
51809,1,0,0,1,0
5184,1,0,0,1,1
5198,0,0,1,1,0
52,1,1,1,1,1
5205,0,0,0,1,1
5207,1,0,0,0,1
5208,0,1,1,0,0
5209,1,1,0,0,0
521,1,0,0,1,0
5210,0,0,0,1,1
5211,1,1,0,0,1
5213,0,1,1,0,0
5214,1,0,0,0,1
522,1,1,0,1,1
5223,1,1,1,0,0
5224,0,1,1,1,1
5226,0,1,1,0,0
523,1,0,1,1,1
5230,0,0,1,1,0
5232,1,0,0,0,1
5236,1,1,0,0,0
5238,1,1,0,0,1
5243,0,0,1,1,0
5244,1,1,1,1,1
525,1,0,1,1,1
5251,0,0,1,1,1
526,1,1,1,1,0
5264,1,1,1,0,1
527,0,1,0,1,0
5277,1,0,1,1,0
5279,1,1,1,0,1
528,1,0,1,1,1
5281,1,1,1,0,1
5283,0,1,1,0,1
5286,1,0,1,0,1
5287,0,1,0,1,1
5288,1,1,0,1,0
5289,0,1,1,0,1
529,1,1,1,1,0
5290,1,1,0,1,1
5291,1,1,0,1,1
5293,1,1,1,1,0
5294,1,0,1,0,1
5295,1,1,1,1,1
5296,1,0,1,1,1
5297,0,1,1,1,1
5298,1,0,1,1,1
53,0,1,0,1,1
5305,1,1,1,0,1
5313,1,0,1,1,1
5315,1,1,0,1,1
5319,0,1,1,0,1
5320,1,0,1,0,1
5321,1,0,1,1,0
5322,1,0,1,1,0
533,1,0,1,0,0
5330,0,1,1,0,1
5331,0,1,1,0,0
5332,1,1,1,0,1
5333,1,0,1,0,0
5334,0,1,0,1,1
5335,1,0,1,1,0
53354,1,1,1,1,1
5336,1,0,1,0,1
5337,0,1,0,1,1
5338,1,0,1,1,0
534,0,1,1,1,1
535,1,0,1,1,0
53630,1,1,1,0,0
5372,0,0,1,1,0
5373,0,0,0,1,1
539,1,0,1,0,0
53905,1,0,1,0,1
53919,1,0,0,1,1
53947,0,1,1,1,1
54,1,1,1,0,0
54020,0,0,1,1,0
5406,0,1,1,0,1
5407,1,0,1,0,1
5408,1,1,0,1,0
5409,0,1,0,1,0
54187,0,0,1,1,1
54363,1,0,0,0,1
54407,0,1,0,0,1
5446,1,1,0,1,0
54480,1,0,1,0,1
54490,1,1,0,1,0
54511,1,1,0,0,0
54539,0,0,1,1,1
54575,0,1,1,0,1
54576,1,1,0,1,0
54577,1,0,1,1,0
54578,1,0,1,1,0
54579,0,1,0,1,1
54600,1,0,1,0,1
5464,0,0,0,1,1
54657,0,1,0,1,1
54658,1,1,0,1,0
54659,0,1,1,0,1
54675,1,1,1,0,0
54677,1,1,0,0,1
54682,0,1,1,1,1
5471,0,0,0,1,1
54716,0,0,1,1,0
5476,1,0,0,0,1
548596,1,0,0,1,1
54872,1,1,0,1,0
54898,1,1,0,0,0
549,1,0,0,1,1
54904,1,0,1,0,0
54963,0,1,1,0,1
54965,0,0,1,1,0
5498,0,0,1,1,0
54981,1,0,1,0,0
54988,0,1,1,0,1
54995,0,0,0,1,1
55,1,0,1,1,0
55065,0,1,1,0,1
55066,1,0,1,0,0
55089,1,1,0,0,1
55163,1,0,1,0,1
55191,0,0,1,1,0
55217,0,1,1,1,0
55224,0,1,1,1,1
55229,1,0,0,0,1
55244,0,1,0,0,0
55256,1,0,0,1,0
55268,0,1,1,1,1
55276,0,1,1,0,0
55277,1,0,1,0,0
55293,1,0,1,1,0
55304,1,0,0,0,1
55312,0,0,0,1,1
55315,1,0,1,1,0
55326,1,1,1,0,0
55331,0,0,1,1,1
55343,1,0,1,1,0
55349,0,1,0,1,1
55350,1,1,1,1,1
55361,1,1,1,1,0
5538,0,0,0,1,1
55454,0,1,1,1,0
55500,1,0,1,1,0
55501,0,0,1,1,1
55512,0,1,1,1,0
55568,0,1,1,1,0
55577,1,0,0,1,1
55586,1,0,1,0,1
55613,0,1,1,0,1
55624,1,0,0,1,1
55627,1,0,0,0,1
55650,0,1,0,0,1
55748,1,0,1,1,1
55750,1,1,0,0,1
55757,1,1,0,0,1
55790,1,1,0,0,0
55808,1,0,1,0,0
55811,1,1,0,1,0
55825,0,1,1,1,0
55830,0,0,1,1,1
55856,1,0,0,1,1
55867,1,1,0,0,1
55870,1,0,0,1,0
55902,1,1,1,0,1
55904,1,0,1,0,0
55907,0,0,1,1,1
55967,0,0,1,0,1
5625,0,0,1,1,0
56261,1,1,0,0,0
56301,1,0,0,1,1
5631,0,1,1,0,0
5634,0,0,0,1,1
56474,0,1,1,0,0
56548,0,0,1,1,0
5660,1,0,1,0,1
56606,1,1,0,1,0
56623,1,1,0,0,1
56624,0,1,1,1,0
56848,0,0,0,1,1
56886,1,1,1,0,0
56894,1,1,0,1,1
56895,0,0,1,1,1
56898,0,1,1,0,1
56913,0,1,1,1,1
56922,1,0,1,0,0
56953,1,0,0,1,0
56954,0,1,1,0,0
56983,1,0,1,1,0
56994,1,0,0,1,1
570,1,0,1,1,0
57016,1,1,1,0,0
57026,1,0,1,0,0
57030,0,0,0,1,1
57084,0,1,1,0,0
57094,0,0,0,1,1
57104,1,0,1,1,0
57127,0,1,1,1,1
57171,1,0,1,0,0
57194,0,1,1,1,1
57198,1,0,0,0,1
5723,0,0,1,1,0
5728,1,1,1,1,0
57282,0,1,1,1,1
5730,1,0,1,0,1
57379,1,0,0,0,1
57393,0,0,1,1,1
5740,1,0,1,1,0
57419,1,1,1,1,0
5742,0,1,1,1,1
5743,1,1,1,1,0
57468,0,1,1,0,1
57571,1,1,0,0,0
57665,0,1,0,1,0
57678,0,0,0,1,1
57704,0,1,1,0,1
57818,1,0,0,1,1
57834,1,0,0,0,1
57835,1,1,1,1,1
5805,0,1,1,1,0
5825,1,1,0,0,0
5831,1,1,1,1,1
5832,0,0,1,1,1
5833,1,0,1,0,1
5834,1,1,0,1,0
5836,0,1,1,1,0
5837,1,1,1,0,0
58478,0,0,1,0,0
58508,0,1,0,1,0
58510,0,0,0,1,1
586,0,0,0,1,1
5860,1,0,0,0,1
587,1,0,1,1,0
590,1,0,0,1,1
59272,1,0,0,1,1
593,0,0,0,0,1
594,1,0,0,1,0
5947,0,0,0,1,1
5948,1,0,0,0,1
5950,0,1,1,0,1
5959,0,1,1,0,1
5973,1,0,0,0,1
6005,1,0,1,1,1
60386,1,1,1,0,0
60481,1,0,0,0,1
60482,0,1,0,1,1
60490,0,1,1,0,0
60559,0,0,1,0,1
6120,1,0,1,1,1
622,1,1,1,1,1
6240,1,1,0,0,0
6241,0,1,1,0,0
6296,1,0,1,0,1
6303,0,0,1,1,1
6307,0,0,1,1,0
6309,1,0,1,0,1
6319,0,0,1,1,1
6342,1,0,0,0,0
635,0,1,1,0,0
6389,0,0,1,1,1
6390,1,0,1,0,0
6391,0,1,0,0,1
63917,1,0,1,0,0
6392,1,0,0,1,0
64064,0,1,0,0,0
64077,0,0,1,1,0
64078,1,1,0,1,0
64080,1,1,1,0,0
64087,1,1,0,1,0
64122,0,1,0,0,1
64131,1,0,1,0,1
64132,1,1,0,0,0
641371,1,0,0,0,1
641372,0,1,1,0,0
641649,0,1,1,0,0
64174,1,0,0,1,0
64180,0,0,1,0,1
6419,0,1,0,0,1
64220,1,0,1,1,0
64240,0,0,1,0,1
64241,1,0,0,1,1
64324,0,0,1,0,1
644,0,0,1,1,0
64419,1,1,0,1,0
644378,0,1,0,1,1
6448,0,1,1,1,0
644974,1,1,0,1,0
64499,1,0,1,0,0
645,0,1,1,0,0
645740,0,0,1,0,1
64579,0,1,0,1,1
64600,0,1,0,1,1
646480,0,1,0,1,1
646486,1,0,1,1,0
6470,1,1,1,1,1
64711,1,0,0,1,1
6472,0,1,1,0,1
64748,0,1,1,0,1
64754,1,0,0,1,0
6476,0,1,0,1,0
64781,1,1,1,0,1
64802,0,1,1,1,1
64816,1,0,1,1,1
6482,1,1,1,0,1
6483,1,1,0,0,0
64834,0,1,1,0,1
6484,0,1,0,1,0
64841,0,0,1,1,1
64849,0,1,1,1,1
64850,1,1,0,0,1
6487,1,1,1,1,1
6489,0,1,0,0,1
64900,1,0,1,0,0
64902,1,0,0,1,1
65010,1,1,1,1,1
6505,1,0,1,1,0
6506,1,0,1,0,1
6507,0,1,0,1,1
6508,1,1,0,1,1
6509,0,0,1,1,1
6510,0,1,1,1,0
6511,0,1,1,0,1
6512,1,1,0,1,0
6513,1,0,1,1,0
6514,0,0,1,1,0
6515,0,1,1,1,1
6517,0,1,0,1,1
6518,1,0,0,0,1
6519,0,0,1,1,1
6520,1,1,0,0,1
6521,0,0,1,0,1
6522,1,1,1,0,0
65220,0,0,0,1,1
6523,1,0,0,1,0
6524,0,1,0,1,1
6526,0,1,1,0,1
65263,1,1,0,0,1
6528,1,0,1,1,1
6529,1,1,0,1,0
6530,0,1,1,1,0
6531,0,0,1,1,1
6532,0,0,1,0,1
6533,0,0,1,0,1
6534,1,1,0,0,0
6535,1,0,0,1,1
6536,1,1,0,0,1
6538,0,1,1,0,1
6539,0,1,0,1,1
6540,1,0,1,1,0
6541,0,0,1,0,1
6542,1,0,1,0,0
6543,1,1,0,0,1
6546,0,1,1,1,0
6547,1,1,1,1,1
6548,1,1,0,1,1
6549,1,1,1,1,0
6550,1,1,1,0,1
6553,1,1,0,0,0
6554,0,1,1,1,1
6555,1,0,1,1,1
6556,1,0,0,1,1
6557,1,1,0,1,1
6558,1,1,1,0,1
6559,1,1,0,1,1
6560,0,1,0,1,1
6561,1,0,0,1,1
6563,0,0,1,1,0
6564,0,0,0,1,1
6565,0,1,1,1,1
6566,1,0,1,0,1
6567,1,1,0,0,1
6568,1,1,0,0,1
6569,1,1,0,0,0
6570,0,1,1,1,1
6571,1,0,1,1,1
6572,1,1,0,0,1
6573,1,1,1,1,1
6574,0,0,1,1,0
6575,0,0,0,1,1
6576,1,1,1,0,0
6578,1,0,0,1,1
6579,1,1,1,1,0
6580,0,1,0,0,1
6581,1,0,0,1,1
6582,1,1,1,1,1
6583,0,1,1,1,0
6584,1,1,0,1,0
65985,1,1,0,1,0
66002,0,0,0,1,1
66035,1,1,0,0,0
6609,1,1,0,0,0
6610,1,1,0,0,0
6611,1,0,1,0,0
6646,1,1,0,0,0
6647,1,0,0,1,0
6648,0,0,1,0,1
6649,0,1,1,0,0
6652,0,0,0,0,1
6675,1,0,0,0,1
669,1,1,0,1,1
6697,0,1,0,0,1
6713,0,0,1,0,1
6715,0,1,0,0,1
6716,1,0,1,0,0
6718,1,1,1,0,0
6723,0,1,0,1,0
6783,0,1,1,0,1
6785,0,1,1,1,0
6799,1,1,1,1,1
6817,1,1,1,1,1
6818,1,1,1,1,1
6819,1,0,0,1,1
682,0,0,1,1,0
6820,1,1,1,1,1
6821,0,1,0,1,0
6822,1,0,1,1,1
6833,0,1,0,1,1
6839,1,0,0,1,0
686,1,1,0,0,0
6888,1,0,0,0,1
6898,1,0,1,1,1
6916,1,1,0,0,1
6999,1,1,1,0,0
7001,1,1,1,1,1
7054,1,1,1,1,0
7083,0,0,1,1,1
7084,1,0,0,1,1
7086,0,1,1,0,0
7108,1,0,0,0,1
7166,1,0,0,1,1
7167,1,1,0,0,0
7173,1,1,1,1,1
7177,0,1,0,0,1
7263,0,1,1,0,0
7264,0,1,0,1,1
728441,1,0,0,0,1
7296,1,1,1,1,1
7298,0,0,1,1,0
7299,1,1,1,0,0
7306,0,1,0,1,1
7350,1,1,0,0,1
7351,1,1,1,0,0
7352,1,1,1,1,0
7355,0,1,1,0,1
7357,0,1,0,1,1
7358,1,0,1,1,0
7360,1,0,0,1,1
7363,0,1,0,1,1
7364,1,0,1,0,1
7365,1,0,1,0,1
7366,1,1,0,1,0
7367,0,1,1,0,1
7368,1,0,1,1,0
7371,1,1,0,0,0
7372,0,0,0,1,0
7378,1,1,1,1,1
7381,1,0,1,0,0
7384,1,0,0,1,0
7385,0,1,0,1,0
7386,0,0,1,0,1
7388,0,1,0,0,1
7389,1,0,0,0,1
7390,0,1,1,0,0
7468,0,1,0,1,0
747,0,1,0,1,1
7498,1,0,1,1,0
759,0,0,1,1,1
760,1,0,0,0,1
761,1,0,0,0,1
762,1,0,0,1,1
763,1,1,1,0,0
765,0,1,1,1,0
766,1,1,0,0,1
767,1,1,1,0,0
768,1,1,0,0,0
771,0,1,1,1,1
7779,0,1,1,0,0
7837,1,0,0,1,0
788,0,1,0,1,1
790,1,1,0,1,0
79017,1,1,0,1,0
7903,1,0,1,0,1
79071,0,0,1,1,1
79077,0,1,1,1,1
79087,0,0,1,1,1
7915,1,1,1,1,1
79178,1,0,1,0,1
7923,0,1,1,0,1
79369,0,0,1,0,1
7941,1,0,1,0,1
79411,0,1,0,1,1
79581,1,1,0,1,0
79586,1,0,1,1,0
79603,1,1,1,0,0
79611,0,1,1,1,0
79623,0,1,0,0,1
79644,1,1,1,0,0
79646,0,1,1,0,0
79672,0,0,1,0,1
79695,0,1,1,0,1
79707,1,0,0,1,0
79717,0,0,1,1,0
79723,0,1,0,1,0
79751,0,0,0,1,1
79799,0,1,0,0,1
79813,1,0,1,0,0
79814,0,1,0,1,1
79837,1,0,1,0,1
79896,1,1,0,0,0
79901,0,1,1,0,0
7991,1,1,1,0,1
79948,0,1,0,0,1
79966,0,0,0,1,1
79993,0,1,0,1,1
80025,1,0,1,1,1
80055,1,1,0,0,0
80142,1,1,1,1,1
80146,1,0,1,0,1
80150,0,1,1,0,1
80162,0,1,1,1,0
80168,1,1,0,1,1
80201,0,0,1,1,1
80235,0,1,1,0,1
80270,0,1,0,0,1
80271,1,0,0,1,1
80308,0,1,1,1,0
80339,1,0,1,0,1
8034,1,0,0,1,1
80347,0,0,0,1,1
8041,0,1,0,0,0
8050,1,1,1,1,0
80704,0,0,1,1,0
80724,1,1,0,0,1
8085,1,0,0,1,0
80854,0,1,0,0,1
81031,0,0,1,0,1
8140,0,0,1,1,0
81490,1,1,1,0,0
81537,0,0,0,1,0
81539,1,0,0,1,1
81579,0,1,1,0,1
81616,1,1,1,0,0
8170,0,0,0,1,1
81849,1,0,0,1,0
81894,0,1,0,1,0
8228,1,0,0,1,0
8277,0,0,0,1,1
8288,0,0,0,1,1
8309,0,1,1,1,1
8310,0,1,0,1,1
83401,1,0,1,1,0
83468,0,1,1,1,0
83549,0,1,1,0,0
83594,1,1,0,0,0
83697,0,1,1,1,0
8372,1,0,1,0,0
83733,0,0,1,1,0
83852,0,1,0,1,0
83884,1,0,1,1,0
8394,1,0,1,1,1
8395,1,1,1,0,1
8396,1,1,1,1,0
8398,1,1,0,1,0
8399,0,1,0,1,1
84002,0,1,1,0,1
8402,1,1,0,0,1
84076,0,0,1,1,0
84105,1,0,0,0,1
84129,0,1,1,1,0
8424,1,1,0,0,1
84264,1,1,0,0,1
84274,0,1,0,0,1
8435,1,1,1,0,0
84444,0,1,0,0,1
8446,1,1,1,0,0
84513,0,0,1,0,1
84532,1,1,1,0,0
84569,0,1,1,0,0
84618,1,1,0,0,0
84649,1,1,1,1,0
84679,1,0,1,0,1
84693,1,1,1,0,0
847,0,0,1,1,0
84701,0,1,1,0,1
84706,1,1,1,0,0
84720,1,1,0,1,1
8473,0,0,1,0,1
84735,0,1,1,1,1
84750,1,0,1,0,1
84752,1,0,1,0,1
84787,1,0,1,0,0
84812,1,1,0,1,0
84814,1,0,1,0,1
84869,1,0,1,0,1
84889,1,1,1,0,0
84890,1,1,0,0,0
84912,0,1,1,0,1
84920,0,1,1,1,0
85007,1,1,0,1,0
8501,0,1,0,1,1
8503,0,1,1,1,1
8509,0,1,1,0,1
8513,0,1,0,1,1
8525,1,1,1,0,0
8526,1,1,0,0,1
8527,0,1,1,1,1
8528,1,1,1,1,1
8529,1,1,0,0,0
85320,1,1,0,0,0
8534,1,1,0,0,0
85465,1,1,0,0,1
8560,1,1,1,1,1
8564,0,1,1,0,1
8566,1,1,0,0,1
8574,1,1,1,0,0
8604,1,1,1,0,1
8608,1,0,1,1,0
8611,1,1,1,0,1
8612,0,0,1,1,0
8613,1,1,0,0,0
8622,0,0,1,1,0
8630,0,0,1,1,1
8639,1,1,0,1,1
8644,0,0,1,1,1
8647,0,1,1,0,1
8654,1,0,1,1,1
8659,1,1,1,1,1
8671,0,1,1,0,1
8693,1,1,0,0,0
8694,1,1,1,0,0
8702,0,0,1,1,1
8703,0,1,1,0,0
8704,0,0,1,1,1
8705,1,1,0,1,0
8706,1,1,1,1,1
8707,1,1,0,1,0
8708,0,1,0,1,1
8714,1,1,1,1,1
873,0,0,1,1,1
8733,0,1,0,1,1
874,1,1,1,0,0
875,1,0,0,0,1
8760,0,1,1,1,0
8776,0,1,1,0,0
8781,0,1,1,0,0
8789,0,0,1,1,0
8790,1,0,1,0,1
8801,0,1,1,0,1
8802,1,1,0,1,0
8803,1,0,1,1,0
8818,1,1,1,1,1
8821,1,0,0,1,1
8824,1,1,0,0,1
883,1,1,0,1,1
8833,0,1,1,0,0
8836,1,0,1,0,1
8854,1,1,1,1,1
8867,1,0,1,1,1
8869,0,0,1,1,0
8871,0,1,1,1,1
8875,0,1,1,1,1
8876,1,0,1,1,0
8877,1,0,0,0,1
8879,0,1,1,0,0
8884,0,1,1,0,0
8897,1,1,1,1,1
8898,0,0,1,1,0
8908,0,1,1,0,1
8942,0,1,0,0,0
8972,1,1,1,0,0
8974,0,1,0,1,0
89869,1,0,1,0,1
89872,1,0,1,1,0
89874,1,0,1,0,1
8992,1,0,1,0,1
9016,0,1,1,1,1
90161,0,1,1,0,0
9023,1,0,1,1,1
90423,0,1,0,1,1
9045,0,0,1,1,0
9056,0,1,0,0,0
9057,0,1,0,1,1
9058,1,1,1,0,1
9060,1,0,0,1,0
9061,0,1,0,0,1
90701,0,1,0,0,1
9091,0,1,1,1,1
91012,0,1,1,1,0
9107,1,1,0,0,1
9108,1,0,1,0,1
9114,0,1,1,0,1
91179,0,1,1,1,0
91227,0,0,0,1,1
9123,1,0,1,1,0
91373,1,1,0,0,0
9152,1,0,0,0,1
9153,0,1,1,0,1
9154,1,1,1,1,1
9162,1,0,0,0,1
9167,1,0,0,1,1
91703,1,1,0,1,1
91734,0,1,1,1,1
9187,0,1,1,1,1
9194,0,1,0,1,1
9197,1,1,0,0,1
9200,1,1,1,0,0
92086,0,0,0,1,1
9227,0,1,0,1,1
92370,0,0,1,0,1
9245,1,1,0,0,1
92483,1,1,0,1,0
9249,0,0,1,0,1
92579,1,1,0,0,1
92745,0,1,1,1,0
9296,1,1,1,0,1
93010,1,0,1,0,1
93034,0,1,1,1,0
93100,0,0,1,1,0
93183,0,1,1,0,0
9331,0,1,1,0,1
9334,1,1,0,0,0
9348,1,1,0,1,0
93492,1,0,0,0,1
93517,1,1,0,1,0
9356,1,1,1,0,0
9365,1,1,0,1,0
93650,0,1,0,1,0
9374,1,1,1,0,0
9376,0,1,1,1,0
9377,1,1,1,0,0
9380,0,0,0,1,1
9388,0,1,1,0,1
9390,0,0,0,1,1
9394,1,0,0,0,0
93979,1,0,0,0,1
94005,1,1,0,1,0
94033,0,0,0,1,1
9415,1,0,0,1,1
9420,0,1,1,0,0
9429,1,0,0,1,1
9435,1,1,1,0,0
9453,1,1,0,0,0
9468,1,1,1,0,1
9469,0,1,1,0,0
948,0,0,1,1,1
9481,0,0,1,1,1
9487,1,1,1,0,0
9488,0,0,0,1,1
9489,1,1,1,0,1
949,1,1,0,0,0
9497,1,1,0,0,0
9498,1,1,1,1,0
95,1,1,0,1,1
9514,0,0,0,1,1
9517,0,0,0,1,1
952,1,0,1,0,1
9524,1,0,0,1,1
953,0,1,0,1,1
9536,1,1,0,1,1
954,1,1,1,1,1
955,1,1,0,1,0
9550,1,1,1,0,1
9551,1,0,1,0,1
956,1,0,1,0,1
9562,1,1,0,0,1
9563,1,0,0,1,1
957,0,1,1,0,1
9583,1,0,1,1,1
9588,1,0,0,0,1
9615,1,1,0,0,1
9651,1,1,0,1,0
9653,0,0,0,1,1
9663,1,1,0,1,0
9677,0,1,0,1,0
97,0,0,1,1,1
9739,0,0,1,0,1
9757,1,0,1,0,0
978,0,0,0,1,1
9789,0,1,0,1,0
9791,1,1,1,0,0
98,0,1,1,0,0
9807,1,1,1,1,1
9843,1,1,0,0,0
9869,1,0,0,1,0
9890,1,0,1,1,0
9896,1,1,1,0,0
9917,0,1,1,1,0
9942,0,1,0,1,1
9945,0,0,0,1,1
9951,0,0,1,1,1
9953,0,0,1,1,0
9955,0,1,1,0,0
9956,1,1,0,0,0
9957,0,1,1,1,0
9962,1,0,1,1,1
9963,1,1,0,1,1
9990,1,1,0,1,0
